LEN	77
CON	10	14	1
CON	36	40	1
CON	34	44	1
CON	44	58	1
CON	10	20	1
CON	34	58	1
CON	13	17	1
CON	4	67	1
CON	28	71	1
CON	26	48	1
CON	12	16	0.999
CON	34	42	0.999
CON	14	20	0.999
CON	43	55	0.999
CON	7	11	0.998
CON	9	21	0.998
CON	27	44	0.998
CON	7	10	0.997
CON	23	48	0.997
CON	8	12	0.997
CON	13	16	0.996
CON	47	53	0.995
CON	27	46	0.994
CON	10	22	0.992
CON	42	66	0.992
CON	53	74	0.988
CON	43	57	0.988
CON	47	50	0.988
CON	60	66	0.988
CON	35	43	0.987
CON	23	26	0.985
CON	24	68	0.985
CON	10	21	0.984
CON	19	71	0.984
CON	3	66	0.979
CON	13	70	0.977
CON	28	46	0.974
CON	39	67	0.968
CON	52	73	0.963
CON	23	49	0.958
CON	27	71	0.953
CON	56	71	0.951
CON	11	14	0.951
CON	48	71	0.943
CON	9	13	0.924
CON	6	67	0.922
CON	39	61	0.919
CON	3	28	0.913
CON	44	59	0.91
CON	13	21	0.909
CON	54	74	0.908
CON	56	68	0.902
CON	42	59	0.901
CON	58	61	0.899
CON	30	56	0.896
CON	57	69	0.888
CON	39	59	0.887
CON	1	7	0.883
CON	10	13	0.871
CON	6	9	0.847
CON	49	52	0.837
CON	4	64	0.834
CON	5	71	0.816
CON	36	42	0.807
CON	1	73	0.806
CON	33	37	0.8
CON	15	47	0.789
CON	69	72	0.783
CON	54	71	0.78
CON	50	63	0.772
CON	5	28	0.765
CON	30	71	0.762
CON	14	23	0.755
CON	32	44	0.753
CON	19	68	0.751
CON	33	45	0.747
CON	35	42	0.739
CON	23	54	0.73
CON	45	55	0.729
CON	12	17	0.723
CON	8	11	0.713
CON	29	34	0.713
CON	15	49	0.711
CON	46	71	0.707
CON	4	61	0.698
CON	24	71	0.698
CON	32	65	0.692
CON	2	64	0.682
CON	28	37	0.676
CON	1	8	0.674
CON	48	52	0.674
CON	33	38	0.672
CON	21	24	0.671
CON	59	69	0.666
CON	25	60	0.659
CON	5	22	0.658
CON	48	54	0.651
CON	8	15	0.64
CON	26	49	0.637
CON	8	65	0.635
CON	19	54	0.628
CON	43	70	0.618
CON	37	75	0.613
CON	34	40	0.612
CON	28	54	0.612
CON	24	27	0.596
CON	70	73	0.595
CON	54	75	0.589
CON	27	30	0.576
CON	37	43	0.569
CON	21	68	0.563
CON	38	57	0.561
PRF	0	T	X	0.0321	0.0078	0.0582	0.1021	0.0207	0.0384	0.038	0.0386	0.0697	0.0376	0.0586	0.042	0.0421	0.0425	0.0847	0.0772	0.1199	0.0536	0.0084	0.028
PRF	1	M	X	0.0228	0.0052	0.0103	0.0112	0.1236	0.0083	0.0106	0.1182	0.0104	0.3046	0.1922	0.0062	0.0064	0.0074	0.0083	0.0176	0.032	0.0802	0.0054	0.0192
PRF	2	K	X	0.0322	0.0048	0.0563	0.128	0.0116	0.0481	0.0332	0.0319	0.1099	0.0366	0.0228	0.0501	0.0124	0.06	0.1202	0.0807	0.0932	0.0459	0.0035	0.0188
PRF	3	I	X	0.0147	0.0062	0.0025	0.0034	0.2786	0.0058	0.0057	0.1876	0.0053	0.2779	0.0302	0.0056	0.0085	0.0042	0.0055	0.0091	0.0168	0.0939	0.0102	0.0283
PRF	4	I	X	0.0404	0.0057	0.1139	0.2398	0.0104	0.028	0.0275	0.0278	0.0491	0.0283	0.0051	0.0437	0.03	0.0446	0.0746	0.0769	0.0882	0.051	0.0027	0.0123
PRF	5	W	X	0.0191	0.0069	0.0075	0.0112	0.1172	0.0104	0.0094	0.0189	0.007	0.0516	0.0116	0.0074	0.0109	0.007	0.0141	0.0127	0.0102	0.0173	0.5803	0.0692
PRF	6	D	X	0.0183	0.008	0.4761	0.0422	0.0063	0.0271	0.021	0.0119	0.0228	0.0142	0.0043	0.1401	0.0108	0.0266	0.0238	0.0817	0.039	0.0125	0.004	0.009
PRF	7	E	X	0.0784	0.006	0.085	0.1912	0.0139	0.0432	0.0162	0.0172	0.058	0.0341	0.0086	0.0375	0.1859	0.0304	0.0436	0.0664	0.0448	0.023	0.0036	0.0132
PRF	8	P	X	0.1369	0.0043	0.1095	0.1164	0.007	0.0789	0.0223	0.0192	0.0846	0.0236	0.0054	0.083	0.0324	0.0497	0.0549	0.0658	0.0535	0.037	0.0046	0.0111
PRF	9	K	X	0.0254	0.0027	0.0291	0.0319	0.0063	0.0364	0.0149	0.0107	0.5275	0.0171	0.0061	0.0835	0.0124	0.03	0.0763	0.0322	0.032	0.0145	0.002	0.0089
PRF	10	R	X	0.0987	0.0042	0.1103	0.0448	0.009	0.1285	0.0186	0.0249	0.0734	0.0251	0.0101	0.1536	0.0115	0.0443	0.1171	0.0783	0.0168	0.014	0.0086	0.0083
PRF	11	Q	X	0.117	0.0023	0.0371	0.0724	0.011	0.0415	0.0185	0.0287	0.1989	0.0677	0.0074	0.0351	0.042	0.0779	0.097	0.0588	0.0378	0.034	0.0047	0.0104
PRF	12	T	X	0.1856	0.0012	0.0664	0.1104	0.0045	0.0232	0.0295	0.0399	0.1284	0.0398	0.0046	0.031	0.017	0.0578	0.0931	0.091	0.0502	0.0161	0.0049	0.0053
PRF	13	N	X	0.0445	0.0182	0.0321	0.025	0.0143	0.0188	0.0185	0.0396	0.033	0.0374	0.0099	0.4975	0.0084	0.0222	0.0405	0.0431	0.0496	0.0229	0.006	0.0185
PRF	14	I	X	0.0931	0.0079	0.0026	0.0216	0.0512	0.0111	0.0065	0.1773	0.0437	0.2941	0.0372	0.0041	0.0076	0.0362	0.0393	0.0171	0.0209	0.0714	0.0184	0.0386
PRF	15	A	X	0.1445	0.0025	0.0536	0.152	0.0065	0.0159	0.0154	0.0236	0.168	0.0395	0.0063	0.0211	0.0054	0.0793	0.1634	0.0388	0.0276	0.0251	0.0023	0.0093
PRF	16	K	X	0.0763	0.0021	0.0524	0.1254	0.0058	0.0204	0.0169	0.0118	0.349	0.0289	0.0074	0.0355	0.0076	0.0686	0.0937	0.0478	0.0268	0.0136	0.0023	0.0077
PRF	17	H	X	0.0509	0.0076	0.0137	0.0314	0.0263	0.0133	0.3811	0.0114	0.0422	0.07	0.0107	0.0581	0.0093	0.0283	0.0964	0.0249	0.0325	0.0135	0.0064	0.0721
PRF	18	G	X	0.0187	0.0036	0.0483	0.0301	0.0057	0.6271	0.0182	0.0036	0.0551	0.0083	0.0021	0.063	0.0118	0.0234	0.0345	0.0272	0.0086	0.0053	0.0009	0.0045
PRF	19	L	X	0.0278	0.0124	0.0057	0.0097	0.0585	0.0102	0.0087	0.2519	0.0094	0.2182	0.0268	0.0062	0.0121	0.0067	0.0084	0.0103	0.01	0.2721	0.0091	0.0259
PRF	20	D	X	0.0462	0.0032	0.1974	0.0571	0.0043	0.0357	0.0134	0.0068	0.0487	0.0125	0.0023	0.0403	0.1056	0.0195	0.0392	0.2453	0.1043	0.0106	0.0023	0.0054
PRF	21	F	X	0.0537	0.0045	0.0119	0.0293	0.3214	0.0121	0.0077	0.0462	0.0292	0.1306	0.0161	0.0097	0.1284	0.0191	0.0319	0.0186	0.0251	0.0632	0.0162	0.0251
PRF	22	A	X	0.1689	0.0014	0.1275	0.2717	0.0072	0.04	0.0136	0.0161	0.051	0.0219	0.0054	0.0331	0.0203	0.0435	0.032	0.0735	0.0335	0.026	0.0033	0.0103
PRF	23	D	X	0.0566	0.002	0.1869	0.3701	0.013	0.0099	0.0116	0.0155	0.0392	0.0315	0.0106	0.0139	0.0033	0.0901	0.0372	0.0199	0.0487	0.0252	0.0024	0.0125
PRF	24	L	X	0.6011	0.0203	0.005	0.0047	0.0194	0.0328	0.0022	0.0582	0.0038	0.063	0.0135	0.0046	0.006	0.004	0.0072	0.0293	0.0215	0.0918	0.0034	0.0083
PRF	25	H	X	0.1192	0.0109	0.0509	0.1594	0.0121	0.0275	0.0148	0.039	0.0886	0.069	0.0213	0.0265	0.0201	0.0852	0.0866	0.0585	0.0386	0.0468	0.0072	0.0177
PRF	26	F	X	0.1431	0.0036	0.0715	0.1613	0.0086	0.0318	0.0222	0.0092	0.0734	0.0408	0.0092	0.0409	0.0204	0.0855	0.097	0.0724	0.0689	0.0129	0.0055	0.0216
PRF	27	E	X	0.1046	0.0109	0.0038	0.0164	0.065	0.0059	0.004	0.2009	0.0036	0.2081	0.0299	0.0028	0.0033	0.0046	0.0066	0.0077	0.0117	0.2892	0.0042	0.0168
PRF	28	F	X	0.0208	0.0127	0.0265	0.017	0.5636	0.0075	0.0104	0.0264	0.0041	0.1215	0.0215	0.0045	0.0059	0.0057	0.0085	0.016	0.0105	0.0242	0.0408	0.0518
PRF	29	F	X	0.0816	0.0042	0.0693	0.0517	0.0908	0.0745	0.0205	0.0127	0.0831	0.0515	0.01	0.0516	0.0123	0.044	0.1146	0.0905	0.0605	0.0158	0.0353	0.0254
PRF	30	L	X	0.0433	0.0038	0.3292	0.0772	0.009	0.0925	0.0258	0.0092	0.057	0.024	0.0069	0.1096	0.0134	0.0328	0.037	0.0699	0.0326	0.0114	0.0037	0.0115
PRF	31	S	X	0.0521	0.0062	0.0814	0.1168	0.0102	0.0773	0.024	0.0139	0.0793	0.0215	0.0078	0.0457	0.1604	0.0497	0.0824	0.0636	0.0712	0.0224	0.0026	0.0113
PRF	32	A	X	0.1022	0.0063	0.1036	0.0901	0.0401	0.0615	0.034	0.0135	0.0566	0.0604	0.0117	0.077	0.07	0.043	0.0503	0.0644	0.0461	0.0304	0.0077	0.0314
PRF	33	K	X	0.0452	0.0126	0.0091	0.0133	0.0613	0.0139	0.009	0.1317	0.0143	0.3493	0.0281	0.0066	0.0176	0.0145	0.025	0.0168	0.0314	0.147	0.015	0.0383
PRF	34	V	X	0.0348	0.0103	0.0236	0.1382	0.0241	0.0057	0.0255	0.1117	0.0564	0.054	0.0139	0.0127	0.0058	0.0407	0.079	0.0547	0.1477	0.1287	0.0077	0.0249
PRF	35	F	X	0.0611	0.0092	0.0198	0.0374	0.1189	0.0237	0.0216	0.1189	0.0246	0.1164	0.0319	0.0142	0.0221	0.0223	0.0546	0.0317	0.0399	0.1038	0.0425	0.0853
PRF	36	P	X	0.0642	0.0064	0.0967	0.1333	0.0188	0.0509	0.0159	0.0333	0.0461	0.0496	0.0077	0.0264	0.1925	0.0461	0.0481	0.0463	0.0431	0.0411	0.0048	0.029
PRF	37	T	X	0.0616	0.0042	0.4758	0.0629	0.0097	0.0303	0.0195	0.0139	0.0234	0.0213	0.0058	0.0627	0.0218	0.0196	0.0282	0.0683	0.0382	0.0195	0.0035	0.01
PRF	38	K	X	0.0726	0.003	0.1335	0.1161	0.0109	0.0766	0.0179	0.0281	0.0633	0.0391	0.0072	0.0432	0.127	0.0383	0.0651	0.0576	0.0594	0.0306	0.0029	0.0078
PRF	39	A	X	0.0778	0.0019	0.062	0.4141	0.0068	0.0373	0.0171	0.0112	0.0617	0.0209	0.0069	0.042	0.0125	0.0425	0.0487	0.0709	0.0375	0.0175	0.0026	0.0079
PRF	40	D	X	0.0637	0.0059	0.1184	0.2363	0.0106	0.0324	0.0161	0.0271	0.0572	0.0401	0.0114	0.0277	0.0374	0.1115	0.0498	0.0379	0.0489	0.0416	0.0043	0.0217
PRF	41	R	X	0.0223	0.0053	0.0128	0.0179	0.0125	0.0176	0.018	0.0178	0.0592	0.0319	0.0063	0.0162	0.0105	0.028	0.639	0.0218	0.02	0.023	0.0053	0.0146
PRF	42	L	X	0.0574	0.0105	0.0237	0.0492	0.1276	0.0114	0.0206	0.0574	0.0525	0.1364	0.0393	0.0211	0.0081	0.0392	0.0826	0.0265	0.0307	0.0435	0.0648	0.0977
PRF	43	M	X	0.0723	0.0045	0.0091	0.0182	0.1457	0.0147	0.035	0.1491	0.0336	0.1069	0.0513	0.0195	0.0031	0.0643	0.0388	0.0239	0.0313	0.0934	0.0141	0.0712
PRF	44	A	X	0.3413	0.0398	0.0072	0.0052	0.0217	0.0749	0.0062	0.0723	0.0039	0.0984	0.0182	0.0058	0.0068	0.0038	0.0088	0.0583	0.0968	0.1152	0.0035	0.0118
PRF	45	I	X	0.0393	0.0102	0.002	0.0029	0.079	0.0057	0.0032	0.2957	0.0027	0.2239	0.0404	0.0024	0.0034	0.0026	0.0032	0.0125	0.0392	0.1949	0.0046	0.0321
PRF	46	G	X	0.1897	0.0304	0.0062	0.0062	0.0123	0.5576	0.005	0.012	0.0034	0.0132	0.004	0.0076	0.0039	0.0039	0.0062	0.0603	0.0319	0.0264	0.0025	0.0173
PRF	47	E	X	0.0476	0.0083	0.0496	0.1501	0.0333	0.0225	0.0227	0.0262	0.0758	0.0762	0.0395	0.0324	0.0718	0.0493	0.0754	0.0575	0.0567	0.0447	0.0142	0.0461
PRF	48	F	X	0.04	0.0067	0.0339	0.0161	0.0308	0.026	0.0085	0.1672	0.0172	0.122	0.024	0.0268	0.0186	0.0121	0.0188	0.0783	0.0778	0.2532	0.0061	0.0159
PRF	49	N	X	0.0729	0.0045	0.1289	0.1018	0.0217	0.0969	0.0287	0.0212	0.0717	0.0278	0.0081	0.0796	0.0484	0.0415	0.064	0.071	0.0534	0.0342	0.0037	0.02
PRF	50	G	X	0.0684	0.0069	0.1326	0.1007	0.0111	0.2121	0.0215	0.0099	0.0531	0.0245	0.0098	0.081	0.0463	0.042	0.047	0.0578	0.0374	0.0191	0.0055	0.0133
PRF	51	L	X	0.0245	0.0119	0.0932	0.0766	0.0171	0.2717	0.0285	0.008	0.0867	0.019	0.0061	0.0916	0.0352	0.047	0.0773	0.0477	0.0214	0.0131	0.0079	0.0155
PRF	52	I	X	0.0285	0.0162	0.0694	0.0699	0.0168	0.0728	0.0478	0.0203	0.0905	0.0228	0.0074	0.068	0.0278	0.0494	0.2368	0.0495	0.0429	0.0334	0.0037	0.026
PRF	53	I	X	0.0528	0.0213	0.0073	0.0066	0.0398	0.02	0.03	0.0977	0.0229	0.2021	0.0271	0.0137	0.0894	0.0104	0.0189	0.0215	0.0608	0.1877	0.017	0.053
PRF	54	I	X	0.1523	0.0398	0.0027	0.0035	0.0651	0.0363	0.0311	0.0842	0.0036	0.1714	0.0307	0.0044	0.0029	0.0046	0.0098	0.0231	0.0398	0.2268	0.012	0.0557
PRF	55	A	X	0.1854	0.0477	0.0027	0.0029	0.0714	0.0376	0.0189	0.0621	0.0036	0.0941	0.0285	0.0048	0.0031	0.0065	0.0105	0.0218	0.0583	0.2946	0.0084	0.0372
PRF	56	V	X	0.0539	0.0198	0.0012	0.0019	0.0337	0.0118	0.002	0.1854	0.0013	0.1227	0.0237	0.002	0.002	0.0041	0.002	0.0069	0.0184	0.4928	0.0028	0.0117
PRF	57	I	X	0.1043	0.0383	0.0019	0.0029	0.0357	0.0108	0.0045	0.1551	0.0023	0.0884	0.0153	0.0035	0.0029	0.0029	0.0136	0.0298	0.033	0.4249	0.0035	0.0263
PRF	58	F	X	0.0208	0.0093	0.0057	0.0068	0.2547	0.0093	0.0948	0.0337	0.0068	0.0484	0.0107	0.0078	0.0027	0.0095	0.013	0.0223	0.017	0.038	0.047	0.3418
PRF	59	K	X	0.0655	0.0414	0.0061	0.0072	0.014	0.0225	0.0076	0.028	0.0071	0.0281	0.0117	0.0057	0.0086	0.0065	0.0074	0.1164	0.5201	0.0801	0.0021	0.0138
PRF	60	P	X	0.0863	0.0155	0.055	0.0769	0.0256	0.1266	0.0206	0.0354	0.0168	0.0535	0.0184	0.0286	0.0757	0.022	0.0303	0.1413	0.0501	0.0418	0.0226	0.057
PRF	61	V	X	0.0324	0.0065	0.0241	0.0382	0.0178	0.0248	0.0217	0.0254	0.0751	0.0505	0.0078	0.0242	0.0302	0.0338	0.4604	0.0318	0.0363	0.0344	0.0065	0.018
PRF	62	G	X	0.0874	0.0021	0.1058	0.1305	0.0125	0.1901	0.0171	0.0082	0.0677	0.0121	0.006	0.0595	0.0757	0.0324	0.0527	0.0778	0.0413	0.0139	0.0023	0.0049
PRF	63	S	X	0.0534	0.0019	0.2054	0.1355	0.0038	0.1589	0.0134	0.0079	0.0522	0.0095	0.0027	0.0858	0.0495	0.0289	0.0555	0.0673	0.0505	0.0119	0.0009	0.0049
PRF	64	E	X	0.0639	0.0049	0.0949	0.1074	0.0108	0.1257	0.0268	0.0176	0.1071	0.0249	0.0059	0.0698	0.0278	0.0484	0.0707	0.0745	0.0664	0.0313	0.0024	0.0188
PRF	65	A	X	0.0695	0.0073	0.0781	0.0872	0.0149	0.1382	0.0307	0.0212	0.0781	0.0247	0.0115	0.0668	0.0218	0.0467	0.0995	0.0698	0.0711	0.0358	0.0054	0.0218
PRF	66	L	X	0.0568	0.0218	0.0034	0.0026	0.0407	0.015	0.0087	0.2804	0.0063	0.1163	0.018	0.004	0.0153	0.0039	0.0361	0.012	0.0406	0.2812	0.0086	0.0283
PRF	67	S	X	0.0142	0.0047	0.0092	0.0081	0.0063	0.0111	0.029	0.0077	0.0361	0.0147	0.0065	0.0096	0.0069	0.019	0.7437	0.0342	0.0116	0.0096	0.0079	0.01
PRF	68	V	X	0.0248	0.0076	0.0009	0.001	0.0437	0.0036	0.0063	0.3924	0.0011	0.1821	0.0212	0.0015	0.0257	0.002	0.0032	0.0064	0.0136	0.247	0.0033	0.0126
PRF	69	I	X	0.0137	0.0052	0.0026	0.0055	0.0493	0.0035	0.0096	0.5299	0.0055	0.1328	0.0136	0.0022	0.0017	0.0041	0.0074	0.0047	0.0092	0.17	0.0039	0.0257
PRF	70	S	X	0.0415	0.0113	0.0129	0.0089	0.0079	0.0373	0.0092	0.0068	0.0058	0.0093	0.0037	0.0257	0.0086	0.0065	0.0137	0.6906	0.0775	0.0121	0.002	0.0088
PRF	71	M	X	0.3415	0.0103	0.0079	0.0106	0.0288	0.0154	0.0025	0.0423	0.0103	0.0871	0.0498	0.0052	0.1843	0.0075	0.0184	0.0364	0.0342	0.0986	0.0022	0.0068
PRF	72	R	X	0.0371	0.0036	0.0231	0.0266	0.0075	0.0356	0.0181	0.0071	0.068	0.0106	0.0043	0.0363	0.0115	0.035	0.549	0.0645	0.0294	0.0117	0.0085	0.0125
PRF	73	S	X	0.0615	0.005	0.0522	0.0413	0.0119	0.0487	0.0288	0.0232	0.1687	0.0497	0.0107	0.0283	0.0699	0.0455	0.1876	0.0635	0.04	0.0282	0.0023	0.033
PRF	74	A	X	0.6237	0.0183	0.0062	0.0048	0.0128	0.0285	0.0025	0.0279	0.0039	0.0377	0.0596	0.0044	0.0092	0.0061	0.0069	0.0543	0.0217	0.0573	0.0054	0.0088
PRF	75	S	X	0.0896	0.0175	0.033	0.0444	0.0033	0.0152	0.0313	0.0182	0.0451	0.0347	0.0116	0.1166	0.0234	0.018	0.0727	0.0999	0.2351	0.0867	0.0007	0.003
PRF	76	Q	X	0.0742	0.0021	0.0314	0.0502	0.0131	0.0283	0.0128	0.0235	0.2722	0.036	0.0082	0.0273	0.0469	0.0444	0.2014	0.0544	0.0312	0.0216	0.0096	0.0113