LEN 85
CON 31 37 1.000
CON 35 46 1.000
CON 31 34 1.000
CON 37 44 1.000
CON 28 39 1.000
CON 38 52 1.000
CON 30 37 1.000
CON 52 63 1.000
CON 47 54 1.000
CON 37 46 1.000
CON 38 45 1.000
CON 35 48 1.000
CON 11 67 1.000
CON 39 44 1.000
CON 51 62 1.000
CON 24 76 1.000
CON 67 73 1.000
CON 12 27 1.000
CON 12 75 1.000
CON 30 39 1.000
CON 12 73 1.000
CON 30 44 1.000
CON 7 73 0.999
CON 8 65 0.999
CON 25 41 0.999
CON 2 16 0.999
CON 8 11 0.999
CON 4 14 0.999
CON 52 61 0.999
CON 14 75 0.999
CON 32 63 0.999
CON 3 78 0.998
CON 56 59 0.998
CON 13 64 0.998
CON 28 67 0.998
CON 11 65 0.997
CON 47 52 0.996
CON 27 40 0.996
CON 67 70 0.996
CON 2 22 0.994
CON 38 63 0.994
CON 38 44 0.990
CON 52 55 0.990
CON 14 61 0.989
CON 28 69 0.988
CON 36 63 0.988
CON 5 78 0.988
CON 34 37 0.986
CON 40 45 0.985
CON 27 75 0.984
CON 12 61 0.984
CON 36 50 0.981
CON 32 66 0.980
CON 13 62 0.977
CON 38 47 0.974
CON 6 9 0.973
CON 3 80 0.973
CON 26 74 0.973
CON 40 55 0.970
CON 80 83 0.970
CON 30 38 0.970
CON 31 66 0.965
CON 10 65 0.960
CON 45 55 0.955
CON 4 16 0.946
CON 6 11 0.944
CON 15 60 0.935
CON 25 77 0.932
CON 3 82 0.931
CON 28 68 0.920
CON 36 52 0.908
CON 20 59 0.891
CON 59 77 0.885
CON 47 53 0.885
CON 9 13 0.881
CON 47 63 0.872
CON 27 54 0.872
CON 36 47 0.870
CON 2 79 0.869
CON 63 66 0.864
CON 61 75 0.861
CON 6 73 0.860
CON 38 61 0.852
CON 66 70 0.852
CON 15 62 0.843
CON 25 61 0.835
CON 24 74 0.832
CON 13 16 0.822
CON 11 73 0.820
CON 6 12 0.813
CON 10 64 0.791
CON 27 38 0.788
CON 4 59 0.786
CON 16 20 0.781
CON 14 59 0.773
CON 6 75 0.771
CON 4 75 0.766
CON 47 55 0.764
CON 20 77 0.754
CON 54 57 0.745
CON 55 61 0.734
CON 52 62 0.724
CON 30 66 0.704
CON 12 67 0.700
CON 36 49 0.687
CON 9 64 0.686
CON 11 64 0.680
CON 25 43 0.679
CON 12 38 0.673
CON 7 12 0.670
CON 31 46 0.667
CON 2 77 0.657
CON 38 55 0.651
CON 2 19 0.639
CON 27 61 0.633
CON 56 61 0.633
PRF 0 M X 0.125513 0.000627 0.049144 0.020032 0.007795 0.084691 0.004598 0.017283 0.031098 0.049427 0.007871 0.143232 0.031133 0.069061 0.018541 0.155812 0.128753 0.037437 0.002989 0.014962
PRF 1 A X 0.172734 0.000836 0.041019 0.010526 0.006264 0.114947 0.001704 0.015059 0.045021 0.023823 0.003776 0.079884 0.035977 0.064628 0.009385 0.167419 0.148586 0.046563 0.001040 0.010811
PRF 2 R X 0.098883 0.000917 0.037012 0.008731 0.039718 0.073114 0.004796 0.017823 0.079072 0.039357 0.015339 0.086676 0.028409 0.058407 0.076207 0.115610 0.138998 0.051436 0.001614 0.027882
PRF 3 T X 0.122643 0.000425 0.041787 0.007925 0.006313 0.080257 0.001350 0.020995 0.077524 0.019670 0.003373 0.085431 0.037581 0.051871 0.006606 0.183408 0.201331 0.040441 0.000961 0.010106
PRF 4 A X 0.265927 0.002090 0.035791 0.003175 0.012257 0.086048 0.001319 0.026145 0.006052 0.018923 0.003303 0.070613 0.030308 0.040206 0.003151 0.129213 0.146348 0.107863 0.001349 0.009918
PRF 5 K X 0.102309 0.000580 0.043732 0.021479 0.007226 0.069309 0.003294 0.021260 0.025327 0.014485 0.004454 0.090716 0.024955 0.042105 0.008149 0.199609 0.253768 0.052914 0.001008 0.013322
PRF 6 S X 0.109141 0.000763 0.038309 0.002794 0.009802 0.084245 0.000922 0.024335 0.003202 0.032844 0.006183 0.075000 0.030078 0.042544 0.001820 0.289810 0.143264 0.092189 0.001504 0.011251
PRF 7 S X 0.118887 0.000422 0.049076 0.011513 0.005294 0.102785 0.001472 0.011532 0.004616 0.014113 0.003490 0.080429 0.034489 0.042441 0.003330 0.315532 0.155508 0.033931 0.000949 0.010190
PRF 8 N X 0.113126 0.000410 0.155036 0.014697 0.006217 0.090959 0.002298 0.011267 0.012183 0.016734 0.003688 0.183601 0.029422 0.054977 0.004415 0.131701 0.122914 0.034432 0.000944 0.010980
PRF 9 E X 0.071089 0.002280 0.110693 0.110830 0.007692 0.170893 0.011639 0.006317 0.046051 0.008599 0.003825 0.087525 0.053635 0.026403 0.015809 0.141487 0.098086 0.015360 0.001554 0.010232
PRF 10 D X 0.131916 0.000404 0.093982 0.020689 0.005312 0.105777 0.001386 0.010960 0.030988 0.015190 0.002337 0.096116 0.030567 0.044216 0.002875 0.197931 0.162575 0.034862 0.001420 0.010496
PRF 11 I X 0.127955 0.002827 0.035130 0.029046 0.018684 0.058469 0.006842 0.064914 0.039066 0.043748 0.009092 0.049786 0.027211 0.036037 0.024743 0.094866 0.165338 0.131483 0.002143 0.032620
PRF 12 L X 0.099744 0.000977 0.004740 0.002700 0.127490 0.022562 0.002226 0.122542 0.002668 0.309909 0.022385 0.004172 0.004751 0.003358 0.002543 0.011067 0.019648 0.206670 0.009095 0.020752
PRF 13 K X 0.098407 0.000432 0.045877 0.015047 0.008749 0.081069 0.003139 0.012160 0.039068 0.014776 0.004104 0.076287 0.021155 0.042490 0.015541 0.217852 0.254518 0.034599 0.001395 0.013335
PRF 14 A X 0.323756 0.002147 0.018157 0.002315 0.027947 0.076178 0.001232 0.057273 0.001936 0.077864 0.009352 0.035270 0.017886 0.019950 0.002127 0.061791 0.073000 0.178377 0.002285 0.011159
PRF 15 S X 0.108183 0.000404 0.046244 0.018668 0.005634 0.074982 0.001237 0.015165 0.023455 0.014660 0.002833 0.076734 0.027112 0.043638 0.005104 0.195576 0.284563 0.044858 0.000949 0.010003
PRF 16 A X 0.277135 0.000396 0.044901 0.002750 0.006221 0.097533 0.000903 0.017988 0.002422 0.023461 0.004028 0.074969 0.035849 0.040856 0.003388 0.137893 0.152951 0.065641 0.000941 0.009774
PRF 17 T X 0.118970 0.000426 0.077073 0.009019 0.006580 0.134523 0.002278 0.014345 0.013670 0.018333 0.003682 0.097380 0.031904 0.043735 0.005911 0.192026 0.181992 0.037579 0.000948 0.009625
PRF 18 Q X 0.160642 0.000395 0.050703 0.011710 0.006034 0.131058 0.002686 0.012113 0.017066 0.014217 0.002331 0.097124 0.043172 0.042249 0.009493 0.204467 0.145808 0.036967 0.000939 0.010826
PRF 19 S X 0.119400 0.000396 0.070051 0.015526 0.006440 0.170565 0.002085 0.015448 0.024029 0.018114 0.003112 0.102326 0.026810 0.047014 0.002819 0.169836 0.159829 0.034721 0.000940 0.010538
PRF 20 A X 0.369234 0.000410 0.037808 0.003157 0.005017 0.078302 0.000957 0.014513 0.003594 0.020543 0.004953 0.071497 0.033170 0.040874 0.002409 0.126181 0.131814 0.044726 0.000949 0.009891
PRF 21 V X 0.119820 0.001435 0.052581 0.062876 0.007033 0.078579 0.009393 0.026116 0.060939 0.033707 0.009552 0.063950 0.054003 0.071728 0.032920 0.128647 0.095836 0.080311 0.001310 0.009266
PRF 22 A X 0.156875 0.002173 0.056768 0.074578 0.006607 0.052017 0.011108 0.022229 0.068882 0.023493 0.004731 0.073850 0.086320 0.048878 0.056198 0.120240 0.086548 0.039533 0.001424 0.007548
PRF 23 G X 0.032179 0.000992 0.020061 0.012344 0.005719 0.790893 0.002631 0.005435 0.010443 0.004638 0.002894 0.017896 0.003302 0.016458 0.008718 0.032901 0.019775 0.009315 0.000568 0.002837
PRF 24 T X 0.046149 0.007515 0.052713 0.051601 0.011203 0.029057 0.021155 0.040150 0.057268 0.034180 0.010488 0.083550 0.020654 0.039358 0.061419 0.176855 0.173049 0.060944 0.005153 0.017539
PRF 25 Y X 0.025105 0.005430 0.004773 0.006741 0.125499 0.011098 0.049133 0.037586 0.009208 0.056955 0.016335 0.008427 0.005653 0.011827 0.014025 0.016718 0.016615 0.036540 0.031105 0.511228
PRF 26 Q X 0.048672 0.005116 0.053988 0.074443 0.011831 0.012204 0.018767 0.040405 0.078243 0.041908 0.008881 0.055677 0.007235 0.081035 0.081660 0.145964 0.151045 0.062614 0.004141 0.016170
PRF 27 I X 0.021769 0.006430 0.001002 0.002124 0.075786 0.006104 0.001936 0.243712 0.003360 0.330168 0.029866 0.002121 0.002698 0.002535 0.002126 0.004887 0.011504 0.229777 0.007541 0.014552
PRF 28 Q X 0.042491 0.006898 0.055770 0.172312 0.016700 0.018789 0.021150 0.030554 0.076080 0.022004 0.006725 0.055218 0.004827 0.057618 0.073821 0.118302 0.142619 0.057998 0.004271 0.015853
PRF 29 V X 0.042601 0.006506 0.005272 0.006363 0.026615 0.008946 0.002696 0.132306 0.004973 0.100720 0.013464 0.005992 0.010337 0.004821 0.004089 0.013905 0.024502 0.572227 0.003313 0.010352
PRF 30 N X 0.023117 0.004005 0.058453 0.100969 0.008502 0.022218 0.026503 0.034133 0.094034 0.053576 0.007645 0.089365 0.005750 0.054075 0.043260 0.114975 0.187693 0.054864 0.002028 0.014838
PRF 31 S X 0.071515 0.001637 0.091563 0.130242 0.004715 0.033176 0.017556 0.006932 0.081763 0.015202 0.005178 0.054968 0.018630 0.253082 0.053002 0.093171 0.044398 0.014144 0.002560 0.006567
PRF 32 L X 0.044150 0.003821 0.002496 0.005088 0.042604 0.005314 0.003994 0.099997 0.009098 0.585381 0.049586 0.003250 0.003318 0.006952 0.005997 0.007901 0.025711 0.078327 0.006118 0.010896
PRF 33 A X 0.689627 0.017503 0.002379 0.003951 0.011639 0.032865 0.004275 0.027407 0.003369 0.034330 0.012140 0.006019 0.003100 0.003421 0.003513 0.052856 0.029630 0.050432 0.001471 0.010075
PRF 34 A X 0.089347 0.005090 0.035360 0.064367 0.004340 0.041508 0.019681 0.010040 0.102410 0.036193 0.007317 0.033896 0.009720 0.246473 0.075103 0.125557 0.064776 0.021349 0.001347 0.006127
PRF 35 N X 0.052831 0.002867 0.279864 0.060799 0.006250 0.110193 0.009564 0.007033 0.051549 0.013887 0.005072 0.168465 0.025713 0.037643 0.030414 0.071385 0.042184 0.013864 0.001583 0.008840
PRF 36 G X 0.607501 0.012634 0.003069 0.003601 0.016950 0.089867 0.003805 0.018691 0.004994 0.029818 0.012302 0.007069 0.006082 0.004966 0.004395 0.060944 0.040529 0.058085 0.004199 0.010500
PRF 37 E X 0.037148 0.003041 0.056774 0.128001 0.009753 0.008505 0.022483 0.063641 0.114073 0.044999 0.010568 0.046706 0.008540 0.085046 0.061525 0.093144 0.111173 0.077002 0.003908 0.013970
PRF 38 I X 0.052353 0.004401 0.001803 0.002002 0.108008 0.006574 0.001334 0.228469 0.002927 0.179747 0.019284 0.002139 0.002285 0.002448 0.002843 0.005683 0.011310 0.323980 0.004266 0.038144
PRF 39 T X 0.028681 0.004835 0.031725 0.088934 0.029339 0.008519 0.016902 0.034515 0.106770 0.057493 0.017329 0.031162 0.008310 0.042028 0.083662 0.079850 0.204460 0.064013 0.016427 0.045046
PRF 40 V X 0.016709 0.005750 0.004634 0.004763 0.068530 0.003757 0.005270 0.294827 0.005516 0.193433 0.016676 0.004653 0.003014 0.003400 0.007047 0.008104 0.009598 0.281542 0.013500 0.049277
PRF 41 D X 0.025161 0.003533 0.295208 0.032784 0.008604 0.097210 0.008409 0.002745 0.027463 0.012501 0.003488 0.394470 0.007883 0.016564 0.018588 0.020031 0.015966 0.003277 0.000764 0.005354
PRF 42 G X 0.014999 0.001323 0.070558 0.028386 0.002294 0.694295 0.006785 0.003781 0.018663 0.004244 0.000952 0.064257 0.009914 0.013182 0.012306 0.026455 0.014322 0.005060 0.001132 0.007093
PRF 43 L X 0.040828 0.002505 0.020080 0.094160 0.021028 0.018184 0.017791 0.125941 0.138850 0.075746 0.017452 0.032216 0.005999 0.087404 0.077775 0.031187 0.061302 0.115730 0.003540 0.012284
PRF 44 K X 0.088956 0.002072 0.074304 0.123132 0.008114 0.010707 0.008965 0.026400 0.085633 0.047877 0.005605 0.038084 0.153992 0.044963 0.050636 0.064247 0.098227 0.053030 0.005933 0.009123
PRF 45 R X 0.039037 0.005942 0.005040 0.005183 0.031566 0.007979 0.004168 0.273233 0.007104 0.179979 0.038095 0.004537 0.009271 0.011247 0.013950 0.008223 0.027219 0.286823 0.003047 0.038356
PRF 46 S X 0.057754 0.006485 0.048093 0.112824 0.015503 0.031898 0.023861 0.039186 0.049641 0.037648 0.008161 0.031664 0.016676 0.034260 0.044912 0.106359 0.218712 0.077691 0.004731 0.033942
PRF 47 I X 0.060731 0.007527 0.050227 0.020507 0.016631 0.072700 0.013996 0.015622 0.032094 0.027749 0.004539 0.057440 0.082003 0.025355 0.117114 0.257897 0.077342 0.037797 0.002702 0.020026
PRF 48 A X 0.148395 0.001304 0.085706 0.060112 0.006310 0.066155 0.011080 0.011250 0.056080 0.015980 0.004275 0.066200 0.049916 0.061597 0.024554 0.192575 0.096425 0.031276 0.001338 0.009473
PRF 49 S X 0.061308 0.001440 0.061638 0.045147 0.005698 0.091898 0.010702 0.009743 0.047389 0.012138 0.004199 0.090671 0.016897 0.031973 0.024276 0.273291 0.184637 0.018608 0.001077 0.007269
PRF 50 N X 0.018863 0.003842 0.047714 0.011977 0.007092 0.043001 0.017245 0.007785 0.014866 0.015833 0.006240 0.669192 0.008466 0.013024 0.017314 0.040019 0.031884 0.011786 0.002254 0.011604
PRF 51 S X 0.037842 0.000451 0.067557 0.192912 0.001615 0.023208 0.013607 0.013633 0.066889 0.009171 0.005769 0.069515 0.001687 0.124778 0.033405 0.099324 0.205598 0.029589 0.000251 0.003199
PRF 52 V X 0.042272 0.001329 0.002203 0.002913 0.112097 0.009337 0.001093 0.269954 0.002795 0.160179 0.045830 0.017038 0.001515 0.030228 0.001803 0.033646 0.055676 0.200468 0.000648 0.008975
PRF 53 S X 0.100879 0.004032 0.082767 0.083392 0.006333 0.036997 0.011295 0.016238 0.059446 0.027048 0.006458 0.062209 0.008197 0.037317 0.028507 0.202891 0.183573 0.033205 0.001272 0.007945
PRF 54 D X 0.085622 0.000708 0.238257 0.114902 0.002996 0.089514 0.012129 0.008090 0.050460 0.010637 0.003299 0.099391 0.002254 0.070889 0.027640 0.096767 0.067366 0.016994 0.000238 0.001848
PRF 55 V X 0.153933 0.004062 0.016706 0.024561 0.044949 0.008434 0.005426 0.083167 0.021445 0.253928 0.036613 0.014244 0.006218 0.013570 0.020313 0.033211 0.084430 0.144808 0.008360 0.021622
PRF 56 I X 0.031666 0.007139 0.001184 0.003540 0.049993 0.009071 0.001540 0.341418 0.003129 0.224179 0.037159 0.003091 0.010615 0.006122 0.003521 0.008999 0.012942 0.224974 0.003795 0.015922
PRF 57 D X 0.084739 0.005491 0.158657 0.091874 0.015288 0.102377 0.022324 0.008969 0.048274 0.029560 0.006968 0.089133 0.104059 0.057590 0.032825 0.071912 0.039625 0.011938 0.003190 0.015206
PRF 58 G X 0.017070 0.001664 0.043518 0.015879 0.004315 0.777953 0.007515 0.002889 0.013628 0.004271 0.001951 0.048923 0.007317 0.008367 0.009970 0.018082 0.006928 0.003728 0.000740 0.005291
PRF 59 V X 0.050376 0.011176 0.003735 0.004833 0.037461 0.009092 0.005071 0.202477 0.007045 0.180417 0.034824 0.004742 0.007026 0.004220 0.005504 0.009414 0.030906 0.372410 0.004197 0.015076
PRF 60 S X 0.057686 0.006609 0.079426 0.163342 0.011647 0.017869 0.018874 0.013709 0.055492 0.018281 0.006286 0.046341 0.009793 0.040812 0.053385 0.098886 0.250221 0.031018 0.004646 0.015677
PRF 61 F X 0.022113 0.007880 0.002544 0.002592 0.177320 0.004843 0.002585 0.187112 0.003435 0.387940 0.032614 0.002135 0.003534 0.002751 0.002836 0.004251 0.010217 0.099031 0.009771 0.034499
PRF 62 D X 0.033149 0.006882 0.066641 0.104379 0.009169 0.010332 0.022862 0.028744 0.058526 0.020592 0.006734 0.111535 0.002362 0.047531 0.071905 0.101570 0.234504 0.044527 0.004376 0.013679
PRF 63 V X 0.051343 0.006994 0.001463 0.001664 0.080355 0.005497 0.001764 0.136613 0.002544 0.507250 0.024005 0.001337 0.002619 0.002052 0.002029 0.004454 0.010664 0.136921 0.006380 0.014055
PRF 64 K X 0.062510 0.005153 0.023426 0.097328 0.005676 0.014989 0.021298 0.031706 0.170275 0.058962 0.005386 0.057009 0.005830 0.054278 0.077512 0.108924 0.138393 0.043598 0.003659 0.014087
PRF 65 A X 0.108973 0.007548 0.068838 0.044125 0.013192 0.116359 0.013810 0.014184 0.116180 0.021597 0.004095 0.054027 0.081344 0.049133 0.027018 0.123337 0.083498 0.036988 0.002700 0.013053
PRF 66 V X 0.132352 0.003078 0.059407 0.085386 0.007473 0.048003 0.008485 0.027593 0.062360 0.040770 0.006126 0.049052 0.050009 0.037920 0.042580 0.072365 0.143947 0.112672 0.001967 0.008452
PRF 67 T X 0.077531 0.001492 0.106231 0.072200 0.018251 0.148422 0.014350 0.011736 0.045563 0.011122 0.007079 0.073712 0.034031 0.042309 0.022200 0.133563 0.146928 0.024903 0.001624 0.006754
PRF 68 E X 0.128519 0.000565 0.071733 0.053657 0.005683 0.096193 0.001912 0.014227 0.021992 0.019295 0.003155 0.084722 0.068200 0.048962 0.005138 0.139292 0.170268 0.055255 0.001028 0.010204
PRF 69 A X 0.113649 0.001447 0.073966 0.075530 0.005359 0.154783 0.008712 0.010218 0.070259 0.016322 0.004331 0.063244 0.049026 0.051477 0.030583 0.114574 0.107427 0.035968 0.001319 0.011806
PRF 70 G X 0.081822 0.002177 0.104514 0.056114 0.007941 0.209673 0.007457 0.009929 0.053796 0.010895 0.004038 0.088897 0.058674 0.030913 0.015585 0.115991 0.103477 0.026154 0.001526 0.010428
PRF 71 K X 0.105285 0.001426 0.070304 0.080824 0.007749 0.074679 0.008291 0.011295 0.062566 0.013982 0.005005 0.070757 0.112647 0.050199 0.029512 0.114699 0.135312 0.030867 0.002354 0.012246
PRF 72 P X 0.065526 0.002116 0.046494 0.062429 0.008869 0.055482 0.012001 0.031017 0.063351 0.024232 0.007357 0.051352 0.070513 0.040076 0.036714 0.112887 0.233810 0.055245 0.002833 0.017696
PRF 73 I X 0.074372 0.007069 0.007448 0.026127 0.046932 0.012179 0.006841 0.223717 0.009578 0.129845 0.019427 0.007996 0.005032 0.022097 0.008765 0.048467 0.065725 0.251137 0.003873 0.023372
PRF 74 T X 0.032375 0.002527 0.049487 0.072575 0.007959 0.015812 0.014590 0.025369 0.067821 0.023912 0.009452 0.063246 0.016596 0.049544 0.053185 0.105795 0.318969 0.055080 0.003535 0.012170
PRF 75 L X 0.031826 0.006924 0.001030 0.001693 0.070104 0.007336 0.001785 0.200847 0.001737 0.346933 0.031459 0.001771 0.002380 0.002080 0.002015 0.004327 0.013240 0.251868 0.005872 0.014776
PRF 76 T X 0.032841 0.003921 0.054393 0.083341 0.008907 0.020236 0.014724 0.031664 0.084753 0.018579 0.005569 0.071352 0.007764 0.042785 0.051602 0.150353 0.241818 0.055787 0.002627 0.016983
PRF 77 V X 0.047275 0.007699 0.002425 0.003612 0.036982 0.013254 0.002071 0.204636 0.004146 0.117741 0.015571 0.003741 0.010121 0.002957 0.003457 0.028121 0.035727 0.446120 0.003206 0.011136
PRF 78 S X 0.111926 0.005222 0.036667 0.126808 0.006229 0.040664 0.015240 0.027407 0.099193 0.016028 0.004937 0.026835 0.006662 0.050592 0.073816 0.159447 0.148122 0.031392 0.003318 0.009496
PRF 79 R X 0.082328 0.007356 0.057235 0.041589 0.018870 0.071997 0.016711 0.016559 0.041702 0.033834 0.004527 0.069481 0.101573 0.062676 0.064380 0.113394 0.126138 0.045233 0.003195 0.021221
PRF 80 D X 0.027745 0.003050 0.491603 0.049464 0.004843 0.036035 0.013543 0.005587 0.016947 0.009496 0.003599 0.106019 0.065867 0.013481 0.014049 0.073836 0.046371 0.010916 0.001534 0.006014
PRF 81 D X 0.062602 0.002360 0.042413 0.059854 0.025991 0.032143 0.011177 0.059047 0.058299 0.094163 0.015350 0.043796 0.095046 0.024018 0.052985 0.048249 0.147399 0.080665 0.009634 0.034809
PRF 82 A X 0.127797 0.001182 0.183368 0.208651 0.004292 0.043201 0.010902 0.008515 0.065305 0.012866 0.004032 0.032427 0.019697 0.046973 0.025218 0.114912 0.065647 0.018490 0.001683 0.004840
PRF 83 G X 0.181447 0.002368 0.073779 0.083379 0.013558 0.084975 0.016162 0.020040 0.097846 0.058918 0.012193 0.035914 0.017438 0.050650 0.049185 0.084138 0.067343 0.033914 0.003470 0.013282
PRF 84 V X 0.101678 0.006019 0.005483 0.008151 0.031667 0.010296 0.003840 0.248091 0.005948 0.163879 0.043312 0.007981 0.009963 0.013903 0.008128 0.021878 0.060029 0.229996 0.005373 0.014385