LEN 258
CON 29 149 1.000
CON 51 55 1.000
CON 91 94 1.000
CON 99 220 1.000
CON 141 144 1.000
CON 240 243 1.000
CON 216 220 1.000
CON 59 62 1.000
CON 80 100 1.000
CON 167 218 1.000
CON 186 247 1.000
CON 46 53 1.000
CON 96 99 1.000
CON 16 76 1.000
CON 2 218 1.000
CON 103 219 1.000
CON 225 228 1.000
CON 99 222 1.000
CON 9 83 1.000
CON 148 152 1.000
CON 60 64 1.000
CON 25 153 1.000
CON 102 106 1.000
CON 108 157 1.000
CON 25 157 1.000
CON 3 166 1.000
CON 227 230 1.000
CON 95 216 1.000
CON 51 56 1.000
CON 58 62 1.000
CON 150 177 0.999
CON 37 63 0.999
CON 104 120 0.999
CON 95 103 0.999
CON 218 229 0.999
CON 240 252 0.999
CON 191 248 0.999
CON 193 252 0.999
CON 243 252 0.999
CON 12 81 0.999
CON 102 219 0.999
CON 95 99 0.999
CON 140 144 0.999
CON 14 76 0.999
CON 153 156 0.999
CON 195 254 0.998
CON 226 249 0.998
CON 213 235 0.997
CON 189 248 0.997
CON 4 107 0.997
CON 4 215 0.997
CON 61 65 0.997
CON 223 228 0.997
CON 41 44 0.997
CON 4 86 0.997
CON 36 134 0.996
CON 57 61 0.996
CON 130 177 0.996
CON 95 100 0.996
CON 230 249 0.995
CON 103 215 0.995
CON 26 153 0.994
CON 85 205 0.993
CON 245 248 0.993
CON 90 215 0.992
CON 75 122 0.991
CON 228 231 0.990
CON 218 223 0.990
CON 94 220 0.989
CON 30 66 0.989
CON 117 123 0.988
CON 89 209 0.987
CON 147 179 0.987
CON 246 249 0.987
CON 150 178 0.987
CON 206 253 0.987
CON 99 219 0.985
CON 148 179 0.984
CON 230 239 0.984
CON 7 10 0.982
CON 36 40 0.982
CON 200 252 0.981
CON 239 249 0.980
CON 190 249 0.979
CON 31 35 0.978
CON 76 81 0.978
CON 193 200 0.977
CON 136 139 0.975
CON 200 240 0.975
CON 167 190 0.975
CON 94 216 0.974
CON 74 124 0.973
CON 98 222 0.973
CON 83 93 0.972
CON 29 145 0.972
CON 195 200 0.969
CON 30 145 0.968
CON 46 51 0.966
CON 202 207 0.964
CON 238 254 0.964
CON 79 103 0.962
CON 112 130 0.962
CON 45 51 0.960
CON 194 204 0.959
CON 165 186 0.958
CON 220 234 0.957
CON 225 249 0.953
CON 143 176 0.952
CON 116 153 0.952
CON 207 211 0.951
CON 46 56 0.950
CON 32 145 0.950
CON 191 202 0.948
CON 11 83 0.946
CON 42 57 0.944
CON 151 185 0.944
CON 95 220 0.941
CON 83 88 0.941
CON 42 60 0.940
CON 165 226 0.939
CON 79 90 0.937
CON 17 80 0.936
CON 108 119 0.935
CON 224 228 0.934
CON 22 104 0.934
CON 158 185 0.925
CON 1 164 0.923
CON 249 252 0.921
CON 21 77 0.919
CON 12 123 0.916
CON 167 229 0.914
CON 79 100 0.913
CON 13 81 0.912
CON 85 89 0.908
CON 107 215 0.908
CON 100 120 0.907
CON 164 186 0.899
CON 148 182 0.898
CON 1 108 0.898
CON 118 121 0.896
CON 3 154 0.893
CON 244 250 0.891
CON 82 117 0.891
CON 133 141 0.888
CON 135 140 0.887
CON 10 82 0.877
CON 34 45 0.874
CON 129 132 0.873
CON 167 188 0.873
CON 102 222 0.867
CON 204 207 0.867
CON 179 182 0.863
CON 86 169 0.861
CON 168 189 0.861
CON 112 174 0.860
CON 90 95 0.859
CON 96 220 0.858
CON 209 213 0.857
CON 38 64 0.857
CON 88 205 0.857
CON 27 69 0.856
CON 49 63 0.853
CON 114 124 0.852
CON 215 219 0.850
CON 34 113 0.847
CON 29 32 0.843
CON 193 202 0.843
CON 130 173 0.842
CON 217 221 0.840
CON 213 234 0.838
CON 8 129 0.838
CON 9 88 0.834
CON 71 74 0.832
CON 79 119 0.832
CON 130 174 0.831
CON 5 168 0.831
CON 61 64 0.831
CON 97 101 0.828
CON 43 47 0.827
CON 3 175 0.822
CON 48 134 0.821
CON 12 76 0.817
CON 27 30 0.810
CON 80 95 0.810
CON 57 60 0.806
CON 195 198 0.805
CON 11 14 0.805
CON 40 45 0.803
CON 86 205 0.803
CON 193 243 0.802
CON 172 189 0.801
CON 26 116 0.797
CON 101 105 0.789
CON 172 176 0.784
CON 217 232 0.782
CON 62 125 0.778
CON 67 73 0.775
CON 17 100 0.774
CON 159 162 0.773
CON 25 118 0.773
CON 33 142 0.769
CON 194 203 0.767
CON 48 131 0.767
CON 145 149 0.761
CON 11 76 0.760
CON 7 87 0.757
CON 110 178 0.757
CON 189 249 0.752
CON 66 200 0.751
CON 244 249 0.751
CON 36 137 0.748
CON 90 216 0.744
CON 23 70 0.740
CON 28 32 0.736
CON 170 174 0.734
CON 2 167 0.732
CON 223 226 0.720
CON 75 124 0.720
CON 66 124 0.719
CON 52 55 0.718
CON 226 231 0.716
CON 44 47 0.715
CON 37 134 0.712
CON 168 171 0.711
CON 90 219 0.709
CON 151 179 0.709
CON 193 248 0.708
CON 83 218 0.707
CON 78 87 0.705
CON 42 46 0.704
CON 82 126 0.702
CON 36 39 0.699
CON 3 187 0.698
CON 168 175 0.697
CON 243 250 0.695
CON 108 116 0.692
CON 50 228 0.692
CON 106 219 0.690
CON 217 231 0.689
CON 86 203 0.689
CON 218 249 0.682
CON 189 193 0.679
CON 53 57 0.675
CON 27 31 0.674
CON 194 253 0.674
CON 6 174 0.674
CON 5 170 0.672
CON 26 149 0.670
CON 139 144 0.665
CON 127 146 0.665
CON 104 118 0.665
CON 26 29 0.665
CON 112 129 0.664
CON 51 186 0.663
CON 156 246 0.661
CON 116 150 0.661
CON 238 252 0.659
CON 89 131 0.658
CON 54 57 0.658
CON 110 130 0.656
CON 153 157 0.655
CON 152 182 0.652
CON 35 39 0.647
CON 10 205 0.645
CON 151 180 0.644
CON 112 177 0.643
CON 151 155 0.643
CON 102 223 0.643
CON 1 157 0.640
CON 129 174 0.637
CON 112 131 0.636
CON 40 44 0.636
CON 92 95 0.634
CON 99 221 0.632
CON 104 119 0.632
CON 18 75 0.628
CON 82 131 0.627
CON 37 128 0.625
CON 14 81 0.623
CON 177 180 0.620
CON 180 187 0.616
CON 112 143 0.613
CON 81 125 0.609
CON 167 189 0.606
CON 221 233 0.601
CON 33 136 0.600
CON 27 66 0.597
CON 35 152 0.596
CON 180 189 0.592
CON 34 67 0.591
CON 190 214 0.589
CON 40 64 0.589
CON 163 188 0.589
CON 23 122 0.588
CON 9 51 0.587
CON 229 249 0.585
CON 188 226 0.583
CON 230 241 0.578
CON 18 114 0.575
CON 188 217 0.575
CON 30 113 0.574
CON 163 186 0.573
CON 6 171 0.572
CON 171 174 0.569
CON 243 248 0.568
CON 37 41 0.567
CON 241 244 0.564
CON 151 182 0.562
CON 30 34 0.559
CON 36 139 0.556
CON 100 104 0.556
CON 205 209 0.555
CON 36 136 0.554
CON 45 60 0.554
CON 66 113 0.553
CON 129 173 0.552
CON 32 137 0.552
CON 156 225 0.550
CON 33 147 0.549
CON 79 92 0.547
CON 31 67 0.547
CON 97 148 0.545
CON 53 65 0.544
CON 98 101 0.544
CON 10 85 0.541
CON 142 146 0.538
CON 70 74 0.537
CON 110 143 0.536
CON 200 243 0.535
CON 90 94 0.534
CON 34 63 0.533
CON 67 124 0.533
CON 8 173 0.531
CON 35 38 0.530
CON 130 143 0.530
CON 102 224 0.530
CON 102 218 0.527
CON 194 206 0.524
CON 5 171 0.523
CON 45 63 0.523
CON 130 207 0.521
CON 37 132 0.520
CON 33 113 0.519
CON 248 252 0.517
CON 3 189 0.517
CON 47 54 0.516
CON 218 254 0.516
CON 36 50 0.512
CON 130 142 0.510
CON 85 204 0.510
CON 85 88 0.509
CON 240 244 0.508
CON 146 171 0.508
CON 40 48 0.508
CON 110 237 0.507
CON 11 81 0.507
CON 154 183 0.507
CON 32 156 0.506
CON 39 246 0.505
CON 143 178 0.504
CON 193 240 0.504
CON 35 50 0.503
CON 42 56 0.502
CON 206 209 0.499
CON 227 249 0.497
CON 70 124 0.496
CON 217 220 0.493
CON 47 149 0.492
CON 218 243 0.490
CON 12 62 0.490
CON 93 96 0.488
CON 52 131 0.486
CON 195 238 0.486
CON 201 204 0.482
CON 23 69 0.479
CON 85 209 0.479
PRF 0 M X 0.042815 0.008820 0.003502 0.007254 0.037990 0.022424 0.005181 0.044687 0.004995 0.108455 0.569520 0.009469 0.007552 0.018111 0.005680 0.021033 0.022925 0.039036 0.005041 0.015511
PRF 1 L X 0.041628 0.016220 0.006580 0.007873 0.018635 0.016197 0.020628 0.106136 0.146173 0.204566 0.018771 0.021961 0.003084 0.034203 0.055281 0.032724 0.084591 0.139710 0.007313 0.017728
PRF 2 I X 0.039800 0.007385 0.001076 0.001801 0.073088 0.004206 0.002087 0.431904 0.001406 0.141188 0.036635 0.002205 0.002672 0.002499 0.002016 0.008942 0.028224 0.193358 0.004570 0.014938
PRF 3 L X 0.034450 0.010713 0.006234 0.033798 0.036025 0.008521 0.009093 0.179602 0.021741 0.279691 0.020320 0.007621 0.002907 0.014527 0.031734 0.019573 0.050101 0.196553 0.010722 0.026074
PRF 4 I X 0.024498 0.012164 0.001101 0.001611 0.053481 0.003248 0.002783 0.272950 0.002197 0.366915 0.021579 0.001344 0.002247 0.001965 0.001853 0.005948 0.013417 0.200738 0.002380 0.007581
PRF 5 S X 0.109166 0.015363 0.015366 0.010404 0.009036 0.040453 0.015301 0.006372 0.010660 0.015231 0.007148 0.020446 0.124241 0.012683 0.014188 0.510947 0.034441 0.011426 0.004647 0.012481
PRF 6 P X 0.052874 0.013778 0.007596 0.010804 0.004277 0.018807 0.006146 0.010478 0.007618 0.011551 0.003347 0.009241 0.748673 0.005616 0.006064 0.030625 0.029406 0.018380 0.000749 0.003972
PRF 7 A X 0.281668 0.005580 0.033231 0.044252 0.011087 0.024265 0.013640 0.025462 0.050776 0.038915 0.009096 0.021040 0.032743 0.028435 0.054613 0.203221 0.057447 0.048334 0.004767 0.011427
PRF 8 K X 0.075661 0.010854 0.034177 0.142887 0.023554 0.029733 0.027861 0.020429 0.262174 0.050463 0.014388 0.029522 0.024901 0.028197 0.045585 0.060813 0.046733 0.034060 0.011947 0.026062
PRF 9 T X 0.063209 0.007343 0.068054 0.090254 0.016009 0.084980 0.015485 0.031957 0.077304 0.043500 0.011069 0.038848 0.033977 0.039472 0.049295 0.096511 0.174903 0.035562 0.006895 0.015372
PRF 10 L X 0.053021 0.005257 0.046546 0.062515 0.026024 0.039005 0.016242 0.028178 0.159847 0.138427 0.113314 0.021755 0.048549 0.041882 0.042766 0.047975 0.045308 0.040384 0.006102 0.016904
PRF 11 D X 0.124070 0.003310 0.126276 0.049811 0.008038 0.035481 0.012921 0.025592 0.108115 0.022680 0.006306 0.087932 0.048763 0.042685 0.053672 0.088983 0.102304 0.043078 0.002022 0.007959
PRF 12 Y X 0.086405 0.004206 0.073161 0.078583 0.063090 0.047282 0.015932 0.047197 0.064681 0.062451 0.023076 0.047410 0.056377 0.032880 0.035956 0.072988 0.064321 0.056591 0.010163 0.057249
PRF 13 Q X 0.085678 0.006799 0.094758 0.105065 0.012534 0.122944 0.018582 0.017848 0.059888 0.035237 0.006853 0.058489 0.067899 0.051901 0.042765 0.090741 0.076279 0.029452 0.002862 0.013425
PRF 14 S X 0.071866 0.006644 0.084808 0.069623 0.013454 0.118111 0.014416 0.026331 0.075678 0.045065 0.006982 0.077917 0.048510 0.038978 0.036341 0.102523 0.107854 0.036090 0.003149 0.015660
PRF 15 P X 0.104929 0.003151 0.120338 0.058764 0.011191 0.069383 0.010998 0.026175 0.051138 0.033322 0.005999 0.074279 0.092054 0.043684 0.028978 0.109593 0.096393 0.043529 0.002158 0.013944
PRF 16 L X 0.134251 0.003084 0.060324 0.032686 0.015746 0.079062 0.008560 0.028835 0.027380 0.062682 0.007065 0.076366 0.076626 0.040942 0.023666 0.134017 0.115007 0.057074 0.002306 0.014321
PRF 17 T X 0.117904 0.003513 0.047657 0.024197 0.026345 0.068321 0.012420 0.027017 0.018892 0.042847 0.006457 0.068242 0.184247 0.041310 0.017280 0.109986 0.115190 0.045728 0.003420 0.019029
PRF 18 T X 0.095122 0.007008 0.044982 0.028508 0.031046 0.063809 0.007257 0.032035 0.018404 0.144964 0.011652 0.070358 0.052143 0.034425 0.012759 0.102050 0.141993 0.069449 0.008647 0.023388
PRF 19 T X 0.111772 0.002725 0.153347 0.036787 0.010626 0.076824 0.010394 0.013187 0.045716 0.038344 0.003687 0.086552 0.047238 0.058083 0.030886 0.111634 0.111089 0.039304 0.001533 0.010272
PRF 20 R X 0.080547 0.004926 0.038212 0.046518 0.058601 0.041934 0.012472 0.035187 0.032799 0.150487 0.014587 0.029164 0.174209 0.027426 0.035442 0.053769 0.058466 0.055015 0.021423 0.028817
PRF 21 Y X 0.054213 0.009217 0.021748 0.029483 0.097060 0.033437 0.030207 0.040007 0.033646 0.320811 0.036562 0.017351 0.027219 0.025084 0.038493 0.037214 0.045342 0.036185 0.020025 0.046697
PRF 22 T X 0.089956 0.006602 0.052228 0.053583 0.017878 0.062364 0.022521 0.020386 0.049603 0.035918 0.007001 0.046797 0.029906 0.040516 0.048397 0.179503 0.185206 0.032294 0.006610 0.012732
PRF 23 L X 0.076658 0.006942 0.039306 0.072229 0.061278 0.018351 0.022866 0.043090 0.054488 0.117319 0.022037 0.041378 0.051627 0.098266 0.054855 0.055619 0.074082 0.066169 0.007724 0.015715
PRF 24 P X 0.052063 0.005338 0.021176 0.022708 0.025110 0.033066 0.007846 0.021512 0.017325 0.035202 0.005762 0.015043 0.600446 0.014854 0.017486 0.036480 0.027213 0.025101 0.006533 0.009738
PRF 25 E X 0.093173 0.008744 0.085530 0.107755 0.027115 0.088183 0.025801 0.042784 0.039742 0.077008 0.012261 0.039250 0.033654 0.065817 0.077615 0.064233 0.033878 0.053594 0.005014 0.018849
PRF 26 L X 0.022450 0.007186 0.006543 0.007233 0.258880 0.011405 0.008899 0.063431 0.006749 0.406359 0.024096 0.006777 0.013881 0.010065 0.009147 0.013646 0.015616 0.045402 0.013775 0.048459
PRF 27 L X 0.116273 0.007025 0.045457 0.056302 0.018139 0.052730 0.020164 0.044918 0.063864 0.127747 0.014996 0.049472 0.033341 0.057819 0.078132 0.067792 0.076592 0.041329 0.006004 0.021906
PRF 28 D X 0.131485 0.002879 0.118745 0.143130 0.009150 0.051228 0.018675 0.012363 0.078250 0.026159 0.005436 0.045496 0.090665 0.061237 0.059660 0.066893 0.043886 0.022532 0.003085 0.009047
PRF 29 N X 0.113181 0.005939 0.049800 0.126227 0.027810 0.007669 0.042005 0.049137 0.092223 0.104886 0.018458 0.016561 0.009704 0.083562 0.085411 0.018129 0.041388 0.056598 0.014545 0.036767
PRF 30 S X 0.423803 0.015166 0.003497 0.006557 0.015822 0.026541 0.004238 0.038582 0.005991 0.052019 0.013085 0.005264 0.002091 0.007188 0.117975 0.107646 0.083074 0.054264 0.003774 0.013421
PRF 31 Q X 0.091724 0.006708 0.081266 0.187990 0.006424 0.023162 0.023756 0.023544 0.099847 0.049966 0.011396 0.052956 0.003078 0.100921 0.120655 0.039197 0.037860 0.024550 0.003281 0.011721
PRF 32 Q X 0.171264 0.002179 0.052894 0.178938 0.009792 0.022438 0.019685 0.026575 0.084349 0.044814 0.009743 0.018959 0.012247 0.094829 0.114561 0.044051 0.052807 0.024475 0.004704 0.010697
PRF 33 L X 0.029755 0.005100 0.000693 0.001393 0.099592 0.001518 0.002378 0.153383 0.001326 0.471950 0.028208 0.006135 0.000678 0.001723 0.001936 0.003565 0.009922 0.134780 0.002905 0.043060
PRF 34 I X 0.131629 0.016644 0.008714 0.027574 0.019416 0.010394 0.013653 0.174536 0.029713 0.182323 0.035644 0.022600 0.004368 0.020141 0.034810 0.018984 0.025602 0.197988 0.005083 0.020184
PRF 35 H X 0.125741 0.001567 0.141257 0.197110 0.002646 0.035054 0.016889 0.005979 0.122138 0.026294 0.004905 0.057475 0.007418 0.067552 0.060220 0.064947 0.046705 0.010345 0.001299 0.004458
PRF 36 E X 0.271776 0.010569 0.024104 0.089595 0.035725 0.023486 0.024937 0.063992 0.036747 0.067308 0.014098 0.017552 0.002170 0.037773 0.034987 0.045998 0.062888 0.089232 0.012711 0.034353
PRF 37 A X 0.054651 0.025951 0.000856 0.001624 0.042514 0.003868 0.001671 0.113547 0.001610 0.557062 0.069555 0.001322 0.001052 0.001777 0.002495 0.006973 0.011572 0.084821 0.005325 0.011754
PRF 38 R X 0.093211 0.003838 0.041785 0.091705 0.005863 0.033215 0.013332 0.019848 0.223715 0.031161 0.011945 0.050815 0.010017 0.084316 0.132418 0.067532 0.030239 0.047591 0.001362 0.006094
PRF 39 K X 0.092320 0.004355 0.106567 0.128128 0.005733 0.074028 0.022542 0.005748 0.106561 0.020458 0.005264 0.075276 0.024387 0.082451 0.063057 0.099723 0.065080 0.010015 0.001845 0.006463
PRF 40 L X 0.058571 0.012924 0.009860 0.016732 0.053745 0.017128 0.009956 0.069437 0.059863 0.345234 0.074844 0.011107 0.013509 0.022239 0.029133 0.021733 0.025742 0.070250 0.018892 0.059101
PRF 41 T X 0.059544 0.019784 0.120429 0.043501 0.003269 0.040805 0.007279 0.006505 0.030966 0.013157 0.003396 0.054031 0.063741 0.011841 0.019598 0.349410 0.138915 0.008497 0.001043 0.004289
PRF 42 P X 0.097258 0.003541 0.054781 0.101092 0.020552 0.021321 0.009199 0.046262 0.051822 0.095358 0.011984 0.014364 0.203756 0.028188 0.041774 0.031273 0.031592 0.093613 0.007458 0.034812
PRF 43 P X 0.124883 0.001198 0.162878 0.265617 0.006197 0.033288 0.013741 0.010338 0.077645 0.014860 0.004536 0.039619 0.034703 0.058109 0.027308 0.066246 0.031916 0.016071 0.002899 0.007949
PRF 44 Q X 0.081005 0.001603 0.171277 0.315648 0.007663 0.019856 0.013581 0.012793 0.052050 0.025888 0.008811 0.023433 0.004893 0.116338 0.034838 0.030097 0.040619 0.024771 0.003183 0.011654
PRF 45 I X 0.093906 0.004699 0.002188 0.001679 0.037164 0.004879 0.001261 0.176816 0.001570 0.526304 0.032300 0.001396 0.001768 0.002566 0.004482 0.015560 0.006267 0.076410 0.003189 0.005596
PRF 46 S X 0.512819 0.023184 0.002275 0.033805 0.001790 0.060710 0.007632 0.009813 0.060619 0.030273 0.020807 0.003542 0.003820 0.039555 0.037696 0.115593 0.014405 0.016574 0.001152 0.003937
PRF 47 T X 0.100174 0.001887 0.081207 0.187878 0.002720 0.027715 0.014351 0.006190 0.180044 0.010877 0.003534 0.043139 0.008489 0.068661 0.103581 0.092313 0.049485 0.010391 0.002303 0.005062
PRF 48 L X 0.115450 0.003983 0.016843 0.069465 0.024631 0.010080 0.020113 0.074402 0.061198 0.275086 0.041907 0.009843 0.002330 0.047337 0.078839 0.022274 0.025164 0.074870 0.006366 0.019818
PRF 49 M X 0.028149 0.014783 0.001681 0.004023 0.145951 0.006098 0.004281 0.033491 0.003993 0.422457 0.148802 0.004520 0.003661 0.003514 0.004211 0.012652 0.036910 0.036593 0.043153 0.041077
PRF 50 R X 0.024861 0.004084 0.064509 0.034434 0.004718 0.401071 0.061148 0.002983 0.150190 0.009690 0.002582 0.064365 0.020406 0.035674 0.043622 0.054974 0.008726 0.006930 0.001433 0.003601
PRF 51 I X 0.036046 0.052598 0.007431 0.012861 0.027392 0.007770 0.004280 0.250602 0.015837 0.277691 0.043724 0.005410 0.004240 0.009830 0.011224 0.014826 0.031551 0.162132 0.008893 0.015661
PRF 52 S X 0.036722 0.001845 0.120137 0.045523 0.002368 0.072404 0.011041 0.003264 0.080304 0.009775 0.001565 0.086819 0.149185 0.015187 0.023643 0.298763 0.033052 0.004871 0.000783 0.002747
PRF 53 D X 0.089334 0.003445 0.163649 0.115835 0.014753 0.051943 0.019429 0.023319 0.064297 0.038170 0.009077 0.032404 0.155432 0.025971 0.048869 0.047256 0.038963 0.037361 0.005006 0.015487
PRF 54 K X 0.080864 0.003474 0.089698 0.118495 0.014232 0.051512 0.016583 0.017777 0.170784 0.023938 0.007080 0.053306 0.029417 0.042522 0.073446 0.098605 0.061385 0.024169 0.003424 0.019288
PRF 55 L X 0.067429 0.001948 0.095611 0.096979 0.012635 0.013329 0.021918 0.085076 0.061327 0.232806 0.019692 0.028978 0.006710 0.075755 0.042771 0.034673 0.046077 0.038275 0.004971 0.013040
PRF 56 A X 0.582219 0.010583 0.007083 0.006815 0.013314 0.033295 0.004240 0.033768 0.005515 0.091904 0.011022 0.007498 0.005519 0.013682 0.022706 0.043318 0.032679 0.063261 0.003233 0.008347
PRF 57 G X 0.134801 0.002211 0.079659 0.136096 0.006743 0.055767 0.019796 0.017998 0.084499 0.054753 0.012765 0.041437 0.030250 0.098149 0.079363 0.061243 0.047653 0.028789 0.002282 0.005745
PRF 58 I X 0.112231 0.003466 0.066904 0.132444 0.009227 0.044336 0.028119 0.025023 0.052172 0.161377 0.008415 0.020790 0.021948 0.073313 0.116849 0.040550 0.044208 0.022762 0.006353 0.009513
PRF 59 N X 0.061914 0.004671 0.039718 0.089651 0.010232 0.017160 0.017475 0.028816 0.024708 0.042899 0.011268 0.448950 0.007434 0.031377 0.031351 0.042434 0.039494 0.030516 0.002917 0.017015
PRF 60 A X 0.123413 0.008013 0.004424 0.028407 0.059407 0.007103 0.018227 0.130787 0.026738 0.196583 0.035400 0.005517 0.008337 0.021529 0.033553 0.021816 0.021741 0.127550 0.021694 0.099760
PRF 61 A X 0.167386 0.002404 0.103833 0.163155 0.006169 0.034540 0.031475 0.009348 0.043583 0.052249 0.007246 0.029585 0.011746 0.099108 0.118821 0.046476 0.039432 0.019949 0.005435 0.008060
PRF 62 R X 0.124442 0.001939 0.050471 0.070747 0.012386 0.024116 0.039318 0.008660 0.016529 0.056513 0.007620 0.018101 0.006457 0.075116 0.366903 0.035248 0.035792 0.019469 0.011130 0.019044
PRF 63 F X 0.034392 0.008453 0.010140 0.009652 0.193352 0.015455 0.030740 0.049785 0.011256 0.087882 0.031705 0.118016 0.013517 0.023255 0.026508 0.017458 0.022145 0.027304 0.060329 0.208657
PRF 64 H X 0.142025 0.004867 0.032527 0.051411 0.016747 0.054189 0.045812 0.021490 0.062184 0.067819 0.012276 0.032685 0.024867 0.148579 0.110924 0.063249 0.053098 0.027100 0.009190 0.018961
PRF 65 D X 0.126620 0.005664 0.109261 0.112179 0.006906 0.047120 0.037711 0.011591 0.034557 0.036451 0.008629 0.070835 0.020170 0.070195 0.115589 0.086409 0.056865 0.027967 0.006372 0.008909
PRF 66 W X 0.050327 0.007950 0.012666 0.016441 0.132051 0.015193 0.016338 0.076420 0.015394 0.315372 0.059453 0.012280 0.007903 0.019537 0.019861 0.026173 0.026036 0.038129 0.091356 0.041120
PRF 67 Q X 0.070421 0.012490 0.079428 0.047757 0.061112 0.051335 0.035780 0.036869 0.046421 0.087401 0.020521 0.047588 0.025525 0.052429 0.073321 0.082545 0.063535 0.052704 0.018307 0.034513
PRF 68 P X 0.084891 0.002925 0.079792 0.088789 0.015644 0.050333 0.018808 0.019914 0.073379 0.085414 0.006468 0.053147 0.076748 0.054082 0.048229 0.099744 0.094356 0.036247 0.003853 0.007236
PRF 69 D X 0.087264 0.005501 0.104992 0.099067 0.011816 0.084270 0.017108 0.022512 0.052969 0.041163 0.009465 0.064310 0.090826 0.046985 0.030243 0.086679 0.089954 0.037652 0.003810 0.013415
PRF 70 F X 0.068897 0.003408 0.100431 0.100224 0.075528 0.063384 0.018227 0.022990 0.072667 0.041115 0.008737 0.070962 0.056427 0.048014 0.027942 0.081755 0.081299 0.033311 0.003810 0.020874
PRF 71 T X 0.071125 0.004203 0.098278 0.069140 0.050930 0.069652 0.024553 0.026537 0.076780 0.040182 0.007936 0.085169 0.031970 0.035958 0.021184 0.083676 0.135410 0.041573 0.004414 0.021331
PRF 72 P X 0.123288 0.002019 0.057742 0.037865 0.013065 0.074558 0.004164 0.014889 0.034634 0.050976 0.007372 0.083240 0.115800 0.055004 0.015106 0.133554 0.123754 0.038049 0.002291 0.012629
PRF 73 A X 0.164740 0.002180 0.086092 0.078020 0.009479 0.070548 0.016702 0.014775 0.046182 0.034523 0.007732 0.064791 0.034711 0.051800 0.033070 0.153416 0.088304 0.029846 0.002248 0.010841
PRF 74 N X 0.107231 0.003912 0.054771 0.053485 0.007947 0.078267 0.016155 0.013135 0.042082 0.032112 0.005555 0.136792 0.150895 0.052797 0.032604 0.088171 0.080754 0.028098 0.002106 0.013134
PRF 75 A X 0.165580 0.018140 0.038399 0.051407 0.018498 0.068511 0.019343 0.024417 0.043849 0.091547 0.010186 0.024404 0.060159 0.037173 0.059495 0.073577 0.121701 0.050279 0.006440 0.016896
PRF 76 R X 0.098493 0.007342 0.032326 0.037991 0.014535 0.062174 0.016288 0.028712 0.106881 0.074412 0.049599 0.040446 0.018442 0.045027 0.135102 0.056655 0.092223 0.041034 0.005979 0.036339
PRF 77 Q X 0.062971 0.008066 0.014875 0.034341 0.005666 0.009106 0.009020 0.094256 0.027421 0.088080 0.007225 0.010312 0.329594 0.072910 0.020469 0.017712 0.089381 0.091388 0.001867 0.005341
PRF 78 A X 0.674108 0.020212 0.004434 0.005562 0.020952 0.034191 0.005078 0.020708 0.005303 0.036255 0.018230 0.006821 0.008537 0.005686 0.007839 0.043693 0.024773 0.045087 0.002864 0.009669
PRF 79 I X 0.072093 0.011037 0.004001 0.002660 0.033841 0.015405 0.006008 0.234723 0.002257 0.403008 0.029187 0.001309 0.002770 0.003042 0.004575 0.011827 0.007198 0.130757 0.008746 0.015555
PRF 80 L X 0.127682 0.014569 0.039853 0.064966 0.072248 0.028524 0.033583 0.044452 0.020674 0.182559 0.031024 0.034625 0.007047 0.045153 0.036550 0.054132 0.046245 0.051854 0.006273 0.057987
PRF 81 A X 0.223956 0.006133 0.046087 0.073110 0.004932 0.041760 0.012826 0.017557 0.071644 0.066014 0.013064 0.037363 0.005662 0.055329 0.128009 0.104138 0.051995 0.031051 0.002049 0.007321
PRF 82 F X 0.029783 0.007901 0.004921 0.010813 0.299252 0.014839 0.046466 0.019141 0.010568 0.041461 0.011998 0.009282 0.011720 0.008116 0.010946 0.023389 0.017617 0.026892 0.013237 0.381658
PRF 83 K X 0.054552 0.006486 0.103040 0.072318 0.010034 0.034705 0.024136 0.026077 0.093797 0.028291 0.011336 0.098664 0.018269 0.056355 0.053810 0.089256 0.158202 0.037112 0.002722 0.020838
PRF 84 G X 0.038039 0.002695 0.009139 0.007262 0.002486 0.862835 0.003029 0.002859 0.004848 0.004190 0.002400 0.008239 0.004533 0.003921 0.004998 0.022444 0.006895 0.004973 0.001300 0.002914
PRF 85 D X 0.045420 0.003513 0.151488 0.066278 0.010169 0.045777 0.016975 0.068880 0.062658 0.061007 0.013805 0.040225 0.048847 0.048339 0.051170 0.057994 0.041230 0.147286 0.003308 0.015632
PRF 86 V X 0.088530 0.005720 0.014454 0.063054 0.012095 0.010200 0.010503 0.049942 0.054199 0.127807 0.029527 0.011476 0.031401 0.072884 0.054316 0.047125 0.090325 0.209757 0.005055 0.011631
PRF 87 Y X 0.034763 0.005695 0.006620 0.009766 0.160996 0.007412 0.024329 0.023076 0.008396 0.061565 0.013289 0.007502 0.002365 0.011124 0.015976 0.011523 0.009439 0.024874 0.027069 0.534221
PRF 88 T X 0.050190 0.004072 0.133074 0.072080 0.013869 0.046786 0.017957 0.020350 0.123548 0.031288 0.007678 0.046365 0.029562 0.094842 0.086161 0.072642 0.088334 0.026924 0.008141 0.026139
PRF 89 G X 0.154990 0.008583 0.070759 0.070459 0.012044 0.156722 0.045167 0.012058 0.053385 0.026702 0.008348 0.068431 0.020787 0.049856 0.046094 0.066266 0.042921 0.013944 0.005100 0.067385
PRF 90 L X 0.019820 0.003590 0.001563 0.002896 0.063397 0.003635 0.001610 0.211765 0.002493 0.507423 0.070722 0.003092 0.002565 0.003157 0.002562 0.004560 0.010726 0.070041 0.002702 0.011682
PRF 91 Q X 0.102005 0.013815 0.178080 0.049017 0.050380 0.067307 0.016240 0.036049 0.048103 0.083182 0.020179 0.044941 0.012275 0.034065 0.040672 0.057541 0.052048 0.052594 0.013968 0.027538
PRF 92 A X 0.218477 0.003430 0.045549 0.064911 0.027606 0.043282 0.016573 0.021784 0.050264 0.063908 0.009666 0.035358 0.108720 0.041388 0.061056 0.062156 0.037583 0.045024 0.007574 0.035689
PRF 93 E X 0.120868 0.005841 0.123057 0.142320 0.008108 0.064817 0.026164 0.009221 0.083190 0.020311 0.005722 0.043447 0.048650 0.043775 0.065607 0.103898 0.041768 0.016457 0.003132 0.023649
PRF 94 T X 0.044851 0.004398 0.138519 0.094039 0.006366 0.077492 0.020679 0.008663 0.057845 0.032473 0.003754 0.078985 0.027166 0.039965 0.032750 0.159851 0.126419 0.037185 0.002085 0.006515
PRF 95 F X 0.025665 0.004068 0.004098 0.004654 0.143677 0.006365 0.003379 0.095171 0.003926 0.510092 0.040016 0.003143 0.013449 0.004209 0.006936 0.007104 0.011136 0.071090 0.010344 0.031479
PRF 96 S X 0.027410 0.002393 0.136424 0.043413 0.002945 0.029963 0.007241 0.006026 0.026506 0.012647 0.003085 0.067901 0.072052 0.012954 0.020159 0.263991 0.252683 0.007503 0.001999 0.002704
PRF 97 E X 0.133295 0.000715 0.130576 0.191267 0.005655 0.033032 0.010243 0.012408 0.072046 0.026358 0.005221 0.026635 0.145625 0.057274 0.037237 0.046261 0.038832 0.021121 0.001270 0.004931
PRF 98 D X 0.161457 0.002860 0.128235 0.262781 0.005310 0.039566 0.013778 0.016192 0.069380 0.015946 0.003742 0.034556 0.037432 0.050105 0.033538 0.062133 0.035855 0.016945 0.003687 0.006501
PRF 99 D X 0.160168 0.005597 0.116313 0.095767 0.027606 0.031179 0.015024 0.049275 0.018082 0.097264 0.025428 0.014669 0.004662 0.076361 0.012945 0.046908 0.081274 0.091552 0.011661 0.018266
PRF 100 F X 0.063617 0.006761 0.005096 0.019035 0.066390 0.006100 0.008182 0.133324 0.064164 0.262359 0.040919 0.005437 0.003837 0.049855 0.101722 0.009539 0.010799 0.085738 0.026305 0.030822
PRF 101 D X 0.176428 0.003133 0.135003 0.166528 0.005748 0.022856 0.013969 0.012335 0.081418 0.031268 0.005939 0.046870 0.013216 0.069172 0.099459 0.050709 0.041003 0.018246 0.001972 0.004728
PRF 102 F X 0.161712 0.001646 0.041731 0.093155 0.083012 0.011733 0.012456 0.016142 0.080438 0.032411 0.008366 0.017786 0.006381 0.051201 0.111280 0.028442 0.027839 0.019413 0.042262 0.152591
PRF 103 A X 0.518493 0.029996 0.004120 0.006867 0.014982 0.058442 0.001915 0.054496 0.002822 0.123004 0.019914 0.003809 0.003740 0.003561 0.006134 0.039232 0.028666 0.067182 0.003330 0.009296
PRF 104 Q X 0.073683 0.007853 0.056444 0.083428 0.012027 0.028250 0.021190 0.041403 0.079881 0.076762 0.015881 0.053046 0.003345 0.198501 0.097415 0.044153 0.042738 0.038183 0.006038 0.019779
PRF 105 Q X 0.075249 0.002453 0.143364 0.193761 0.003771 0.034557 0.017271 0.004650 0.108392 0.011206 0.004068 0.069046 0.007783 0.098297 0.093140 0.079731 0.036768 0.007554 0.002355 0.006583
PRF 106 H X 0.028826 0.015957 0.050744 0.052490 0.016565 0.038175 0.241846 0.010542 0.054153 0.020786 0.007871 0.115518 0.020583 0.046050 0.113054 0.064798 0.044381 0.015906 0.007986 0.033769
PRF 107 L X 0.023277 0.004729 0.002123 0.003746 0.023807 0.004552 0.004984 0.068988 0.003617 0.635772 0.038940 0.002959 0.002503 0.006493 0.005776 0.007846 0.018711 0.116718 0.006781 0.017679
PRF 108 R X 0.105075 0.009768 0.070371 0.129123 0.023283 0.023133 0.013675 0.023148 0.062523 0.075850 0.011877 0.037071 0.006672 0.049595 0.225259 0.038507 0.015099 0.036522 0.018759 0.024691
PRF 109 M X 0.023832 0.006280 0.001875 0.002798 0.046490 0.005512 0.004044 0.451241 0.002356 0.122994 0.039621 0.002816 0.005102 0.002896 0.003177 0.008114 0.014760 0.240636 0.004844 0.010612
PRF 110 L X 0.033985 0.007426 0.001662 0.003694 0.075789 0.023547 0.015283 0.061949 0.003293 0.558826 0.068835 0.004423 0.002859 0.017067 0.004828 0.012548 0.046814 0.036312 0.005060 0.015801
PRF 111 S X 0.078126 0.024468 0.010125 0.003360 0.013015 0.061258 0.002389 0.016315 0.001916 0.028763 0.009925 0.015723 0.008078 0.005848 0.002136 0.623971 0.057721 0.026130 0.003877 0.006856
PRF 112 G X 0.278272 0.010363 0.001615 0.001379 0.039206 0.395723 0.000792 0.039321 0.000749 0.039327 0.011017 0.029554 0.009131 0.001629 0.000944 0.061790 0.029181 0.042163 0.002999 0.004847
PRF 113 L X 0.037500 0.016162 0.000589 0.001195 0.097807 0.017107 0.001684 0.149651 0.000833 0.478158 0.026676 0.002979 0.009166 0.003672 0.001105 0.015138 0.021269 0.101310 0.004133 0.013866
PRF 114 Y X 0.024426 0.007402 0.003095 0.003656 0.183056 0.014625 0.012378 0.023597 0.002774 0.068139 0.014993 0.008560 0.003280 0.007563 0.003156 0.016384 0.013934 0.023908 0.046085 0.518990
PRF 115 G X 0.075357 0.005202 0.004280 0.006142 0.005298 0.759608 0.003305 0.004958 0.010941 0.006865 0.002738 0.010970 0.005520 0.005715 0.016902 0.046941 0.013038 0.009553 0.002413 0.004255
PRF 116 V X 0.050701 0.005536 0.001170 0.004500 0.023156 0.003149 0.002933 0.275792 0.002865 0.223815 0.041421 0.001698 0.026978 0.003743 0.003908 0.008647 0.013563 0.287186 0.003009 0.016228
PRF 117 L X 0.020390 0.006275 0.000515 0.001261 0.026163 0.002812 0.000233 0.236894 0.000499 0.357323 0.012505 0.001298 0.001957 0.000632 0.000861 0.006038 0.013162 0.306332 0.001344 0.003507
PRF 118 R X 0.052368 0.010464 0.028603 0.023191 0.037123 0.056830 0.017718 0.026879 0.097135 0.070903 0.017584 0.025626 0.026277 0.024035 0.310156 0.055784 0.045301 0.038955 0.012525 0.022542
PRF 119 P X 0.133595 0.003087 0.004818 0.005928 0.009346 0.020230 0.003747 0.012605 0.004917 0.020843 0.004366 0.004880 0.700505 0.006976 0.005510 0.018367 0.014991 0.017770 0.001524 0.005994
PRF 120 L X 0.062799 0.007685 0.044923 0.036554 0.070178 0.046470 0.012949 0.047654 0.040402 0.300808 0.031452 0.023973 0.021601 0.022110 0.037803 0.057229 0.060486 0.051494 0.005844 0.017587
PRF 121 D X 0.015972 0.003688 0.755068 0.043975 0.005018 0.016398 0.011790 0.004592 0.007913 0.007267 0.004916 0.033481 0.006859 0.009390 0.009085 0.028136 0.021591 0.005940 0.001250 0.007673
PRF 122 L X 0.111567 0.005004 0.032725 0.052896 0.014940 0.100663 0.013396 0.024116 0.038989 0.147012 0.015560 0.021601 0.189674 0.026025 0.065888 0.049569 0.034052 0.037082 0.006631 0.012611
PRF 123 M X 0.019774 0.002985 0.003105 0.003947 0.022370 0.005163 0.004982 0.553839 0.004286 0.078804 0.067977 0.004946 0.007478 0.005457 0.008138 0.007868 0.021696 0.161160 0.003579 0.012446
PRF 124 Q X 0.054886 0.008785 0.023567 0.037368 0.011661 0.009923 0.029017 0.022549 0.083985 0.062793 0.023796 0.052888 0.118479 0.143550 0.157728 0.043649 0.056498 0.039514 0.005758 0.013605
PRF 125 P X 0.126009 0.004084 0.051146 0.057089 0.016236 0.034449 0.017058 0.022501 0.030752 0.042992 0.007850 0.033550 0.352529 0.021797 0.033587 0.050122 0.035044 0.038716 0.003567 0.020922
PRF 126 Y X 0.019378 0.005367 0.015924 0.018685 0.051483 0.012833 0.098949 0.014208 0.022263 0.030124 0.008460 0.041568 0.004272 0.023160 0.031542 0.024781 0.011353 0.014156 0.026020 0.525475
PRF 127 R X 0.017755 0.004837 0.016901 0.017467 0.006325 0.016105 0.019580 0.009609 0.068602 0.020572 0.005921 0.018437 0.008042 0.029067 0.673928 0.023086 0.017718 0.013381 0.003219 0.009449
PRF 128 L X 0.017573 0.017307 0.001290 0.002071 0.085553 0.002975 0.004239 0.081475 0.001919 0.629148 0.042995 0.001909 0.005156 0.002669 0.003746 0.004822 0.010224 0.053847 0.009489 0.021591
PRF 129 E X 0.044320 0.005395 0.130301 0.241313 0.006321 0.045387 0.017128 0.012169 0.081686 0.015439 0.006875 0.066304 0.035474 0.036229 0.042527 0.119833 0.052355 0.025665 0.001946 0.013332
PRF 130 M X 0.063488 0.005628 0.016066 0.022577 0.059510 0.057179 0.018662 0.040830 0.019142 0.076288 0.353914 0.015043 0.031386 0.044215 0.023251 0.032575 0.041015 0.049620 0.007376 0.022237
PRF 131 G X 0.027819 0.006359 0.062435 0.068649 0.005672 0.335473 0.020646 0.013052 0.060993 0.020438 0.006547 0.057736 0.005116 0.062972 0.055424 0.066329 0.079259 0.031030 0.002642 0.011407
PRF 132 I X 0.100548 0.009202 0.112726 0.130120 0.010712 0.018711 0.012978 0.035495 0.025565 0.023704 0.019254 0.021435 0.006237 0.055486 0.021688 0.117295 0.186851 0.074497 0.002813 0.014682
PRF 133 R X 0.053854 0.004051 0.051256 0.038240 0.008002 0.039272 0.016877 0.013078 0.294996 0.022623 0.007920 0.044276 0.075964 0.029436 0.145892 0.070276 0.042912 0.026888 0.004366 0.009820
PRF 134 L X 0.021706 0.005092 0.004650 0.004116 0.070412 0.008549 0.003540 0.106804 0.007721 0.558627 0.035077 0.005290 0.015483 0.005949 0.010628 0.011228 0.016094 0.073002 0.015125 0.020907
PRF 135 E X 0.110015 0.004870 0.051418 0.069777 0.012991 0.056679 0.018216 0.014146 0.117061 0.029309 0.005466 0.040414 0.193901 0.034910 0.047976 0.080779 0.064202 0.028429 0.004034 0.015405
PRF 136 N X 0.086590 0.004030 0.065868 0.056144 0.013537 0.146399 0.011841 0.046650 0.047141 0.031092 0.006344 0.120539 0.055752 0.035202 0.033110 0.080644 0.085006 0.060003 0.003954 0.010155
PRF 137 A X 0.107944 0.002742 0.059334 0.041492 0.045709 0.082851 0.014903 0.033859 0.039927 0.084454 0.011523 0.069437 0.079893 0.038884 0.028234 0.092634 0.091349 0.050309 0.006226 0.018298
PRF 138 R X 0.067940 0.009562 0.082557 0.061825 0.011602 0.143331 0.031790 0.010712 0.107463 0.023130 0.004615 0.069744 0.055509 0.047125 0.136909 0.072340 0.034830 0.015489 0.001978 0.011548
PRF 139 G X 0.077171 0.010888 0.072229 0.062273 0.028367 0.221325 0.025687 0.023048 0.057274 0.045196 0.013423 0.061321 0.056029 0.042969 0.034191 0.073693 0.037839 0.026726 0.004145 0.026207
PRF 140 K X 0.059569 0.005518 0.059334 0.087036 0.008987 0.113150 0.019196 0.025965 0.169175 0.026394 0.010222 0.054988 0.056844 0.051487 0.067522 0.075830 0.063345 0.028908 0.003172 0.013358
PRF 141 D X 0.086733 0.007590 0.083745 0.037005 0.014496 0.032253 0.020146 0.023481 0.042732 0.029237 0.006953 0.130561 0.037877 0.027420 0.076128 0.182009 0.108927 0.031135 0.004843 0.016728
PRF 142 L X 0.022951 0.002472 0.016092 0.021807 0.040468 0.012349 0.005182 0.065757 0.017102 0.593024 0.047435 0.011182 0.014267 0.009867 0.011299 0.016328 0.015417 0.056491 0.006184 0.014326
PRF 143 Y X 0.111590 0.007169 0.068217 0.074807 0.032711 0.039281 0.017944 0.018331 0.089864 0.027960 0.009274 0.031437 0.024878 0.037590 0.078832 0.060249 0.037040 0.028178 0.003700 0.200948
PRF 144 Q X 0.129640 0.002249 0.124427 0.130375 0.005728 0.031222 0.032689 0.008112 0.086349 0.017308 0.005430 0.047139 0.015517 0.079605 0.125488 0.077178 0.055583 0.012265 0.003597 0.010100
PRF 145 F X 0.047975 0.008423 0.005463 0.008863 0.234480 0.008547 0.033595 0.074608 0.007011 0.191914 0.026500 0.007477 0.003241 0.010868 0.029626 0.013073 0.020552 0.065871 0.031954 0.169960
PRF 146 W X 0.018833 0.005225 0.003841 0.005473 0.059040 0.007035 0.007894 0.026658 0.006969 0.069643 0.011376 0.004243 0.002725 0.006072 0.012537 0.008080 0.007440 0.021633 0.649426 0.065858
PRF 147 G X 0.070914 0.004840 0.049888 0.059996 0.008137 0.160724 0.019324 0.013069 0.133256 0.024995 0.007643 0.054370 0.013077 0.079248 0.155627 0.065698 0.048140 0.019774 0.003257 0.008023
PRF 148 D X 0.055023 0.002603 0.168677 0.154319 0.002792 0.034842 0.021323 0.006049 0.105120 0.010678 0.003493 0.065928 0.069227 0.073324 0.089443 0.073176 0.049500 0.007931 0.001410 0.005142
PRF 149 I X 0.096890 0.008185 0.066872 0.070359 0.024843 0.033881 0.036602 0.038447 0.090507 0.055807 0.014348 0.037713 0.045570 0.053747 0.125752 0.056444 0.060275 0.048601 0.006951 0.028208
PRF 150 I X 0.041192 0.010547 0.001736 0.003504 0.068016 0.006422 0.004819 0.203775 0.004297 0.368813 0.037024 0.007843 0.006415 0.009518 0.006671 0.009904 0.016287 0.154579 0.004997 0.033641
PRF 151 T X 0.112953 0.005399 0.069636 0.113380 0.013861 0.026169 0.016372 0.028046 0.080976 0.041643 0.012258 0.054542 0.009884 0.044883 0.054552 0.082622 0.154798 0.025881 0.004066 0.048078
PRF 152 N X 0.082115 0.002442 0.132730 0.148277 0.005484 0.040055 0.021917 0.007169 0.127372 0.017674 0.005610 0.058606 0.051205 0.088122 0.082210 0.065560 0.040483 0.010996 0.002641 0.009335
PRF 153 K X 0.165294 0.007141 0.020622 0.085391 0.054495 0.013612 0.033214 0.049920 0.052109 0.098021 0.024042 0.020900 0.008724 0.043983 0.055490 0.042160 0.043232 0.080158 0.032208 0.069285
PRF 154 L X 0.036356 0.009746 0.001475 0.001820 0.058507 0.005538 0.001493 0.140510 0.001338 0.574948 0.034226 0.001967 0.000928 0.001419 0.002165 0.004595 0.007775 0.093053 0.006614 0.015526
PRF 155 N X 0.086526 0.006627 0.081912 0.118316 0.026000 0.021004 0.016004 0.060636 0.089947 0.057556 0.013809 0.138334 0.011867 0.055033 0.064096 0.051290 0.042175 0.032591 0.005295 0.020981
PRF 156 E X 0.136730 0.002483 0.100531 0.207172 0.005090 0.038043 0.015889 0.006839 0.120243 0.018327 0.004195 0.046305 0.015036 0.088063 0.072697 0.063721 0.040497 0.010021 0.001973 0.006146
PRF 157 A X 0.185726 0.009259 0.056542 0.098488 0.039974 0.020005 0.026704 0.057963 0.027269 0.128465 0.017458 0.018563 0.002570 0.043396 0.054506 0.045741 0.037349 0.070102 0.021573 0.038347
PRF 158 L X 0.076545 0.011090 0.005880 0.014762 0.046465 0.006998 0.006766 0.121805 0.012985 0.447977 0.044161 0.007687 0.006300 0.012709 0.013999 0.018238 0.022726 0.098012 0.004850 0.020045
PRF 159 A X 0.130901 0.005302 0.078414 0.143158 0.006113 0.040573 0.014397 0.015092 0.185056 0.030793 0.007773 0.055112 0.020158 0.074107 0.070712 0.068931 0.030431 0.015521 0.001752 0.005703
PRF 160 A X 0.187150 0.003023 0.069576 0.138053 0.018356 0.054666 0.027273 0.010280 0.089345 0.038675 0.008471 0.044290 0.017032 0.076431 0.082534 0.068388 0.036686 0.020432 0.002590 0.006749
PRF 161 Q X 0.160972 0.014903 0.079447 0.084730 0.011834 0.073351 0.030167 0.020043 0.049959 0.048844 0.010040 0.041937 0.028407 0.069151 0.033520 0.117292 0.072192 0.038764 0.002698 0.011750
PRF 162 G X 0.079293 0.004415 0.172810 0.110233 0.002934 0.223492 0.015927 0.003024 0.072922 0.007504 0.001533 0.083628 0.052813 0.039153 0.038336 0.058714 0.021286 0.006292 0.001294 0.004397
PRF 163 D X 0.034385 0.002324 0.233117 0.102993 0.002254 0.230477 0.016820 0.002726 0.046964 0.005180 0.004087 0.108409 0.021858 0.033111 0.031111 0.070165 0.042886 0.006674 0.000680 0.003780
PRF 164 N X 0.065370 0.010232 0.130733 0.113951 0.007113 0.154527 0.020194 0.015210 0.090057 0.035773 0.027069 0.034096 0.044340 0.054428 0.065733 0.065896 0.035780 0.017744 0.003176 0.008578
PRF 165 V X 0.024231 0.015443 0.023188 0.028794 0.032552 0.006212 0.025805 0.076956 0.070856 0.111416 0.008229 0.026945 0.032010 0.024118 0.158519 0.060676 0.119028 0.132501 0.008746 0.013776
PRF 166 V X 0.031502 0.007134 0.001631 0.003318 0.024934 0.002477 0.002936 0.272030 0.002863 0.331125 0.026663 0.002140 0.002993 0.003829 0.003994 0.006526 0.013751 0.247630 0.003616 0.008907
PRF 167 I X 0.016597 0.012686 0.000438 0.001179 0.028106 0.002648 0.001118 0.300372 0.000545 0.152737 0.014968 0.000834 0.001224 0.002769 0.000706 0.003013 0.007281 0.436874 0.007292 0.008613
PRF 168 N X 0.016396 0.008694 0.193850 0.009022 0.014423 0.008041 0.059936 0.030131 0.008486 0.035751 0.010471 0.461937 0.009900 0.028038 0.014333 0.045890 0.013338 0.020308 0.000911 0.010144
PRF 169 L X 0.018677 0.046515 0.002905 0.003515 0.028623 0.006733 0.003113 0.037002 0.003264 0.706397 0.032985 0.003350 0.007428 0.002673 0.005399 0.008522 0.030394 0.042267 0.003087 0.007153
PRF 170 A X 0.400388 0.008966 0.035571 0.040172 0.004493 0.066714 0.007427 0.016855 0.035418 0.037472 0.006475 0.019568 0.009349 0.015722 0.137682 0.062726 0.041798 0.046459 0.000943 0.005801
PRF 171 S X 0.048334 0.003075 0.058753 0.023984 0.005030 0.040549 0.007413 0.004141 0.022684 0.011624 0.002673 0.051794 0.017845 0.013556 0.017207 0.409564 0.252483 0.004190 0.000952 0.004147
PRF 172 D X 0.057877 0.003695 0.076184 0.088203 0.010226 0.133636 0.018315 0.021154 0.114567 0.025628 0.010289 0.091644 0.036391 0.076744 0.055608 0.093496 0.042441 0.023370 0.003262 0.017270
PRF 173 E X 0.082858 0.003825 0.045563 0.347805 0.020472 0.033095 0.010791 0.016108 0.090818 0.019010 0.008031 0.028229 0.011500 0.055805 0.073506 0.047739 0.064227 0.027861 0.002045 0.010711
PRF 174 Y X 0.019472 0.006141 0.004374 0.003150 0.150484 0.002201 0.017879 0.025606 0.002738 0.053118 0.026649 0.003838 0.001882 0.004140 0.004237 0.005394 0.005930 0.022097 0.024787 0.615885
